# Matter power spectrum P(k) at redshift z=99
# for k=1.05075e-05 to 219.579 h/Mpc,
# number of wavenumbers equal to 596
#    1:k (h/Mpc)              2:P (Mpc/h)^3        
       1.050749306886e-05       8.241310813552e-03 
       1.100269596085e-05       8.605225705277e-03 
       1.152123704613e-05       8.985210389775e-03 
       1.206421621987e-05       9.381974120871e-03 
       1.263278521368e-05       9.796256941740e-03 
       1.322815003864e-05       1.022883417636e-02 
       1.385157354336e-05       1.068051279181e-02 
       1.450437809268e-05       1.115213638978e-02 
       1.518794837257e-05       1.164458551167e-02 
       1.590373432724e-05       1.215878171438e-02 
       1.665325423467e-05       1.269568124382e-02 
       1.743809792708e-05       1.325628874133e-02 
       1.825993016315e-05       1.384165082013e-02 
       1.912049415925e-05       1.445286113204e-02 
       2.002161528699e-05       1.509106013424e-02 
       2.096520494510e-05       1.575744033121e-02 
       2.195326461375e-05       1.645324616284e-02 
       2.298789009998e-05       1.717977597086e-02 
       2.407127598314e-05       1.793838700613e-02 
       2.520572026996e-05       1.873049656583e-02 
       2.639362926886e-05       1.955758240512e-02 
       2.763752269409e-05       2.042118819203e-02 
       2.894003901039e-05       2.132292877335e-02 
       3.030394102949e-05       2.226448685409e-02 
       3.173212177043e-05       2.324762052660e-02 
       3.322761059604e-05       2.427416547990e-02 
       3.479357963863e-05       2.534603843910e-02 
       3.643335052850e-05       2.646524074046e-02 
       3.815040143953e-05       2.763386204866e-02 
       3.994837446694e-05       2.885408437402e-02 
       4.183108335256e-05       3.012818541826e-02 
       4.380252157436e-05       3.145854562615e-02 
       4.586687081713e-05       3.284764645254e-02 
       4.802850984238e-05       3.429808320857e-02 
       5.029202377630e-05       3.581256106052e-02 
       5.266221383541e-05       3.739391004518e-02 
       5.514410751062e-05       3.904508133620e-02 
       5.774296923116e-05       4.076915640694e-02 
       6.046431153117e-05       4.256935497198e-02 
       6.331390674254e-05       4.444903487289e-02 
       6.629779923874e-05       4.641170692945e-02 
       6.942231825583e-05       4.846103292413e-02 
       7.269409131756e-05       5.060083877462e-02 
       7.612005829323e-05       5.283511577651e-02 
       7.970748611814e-05       5.516803436474e-02 
       8.346398420768e-05       5.760394751437e-02 
       8.739752059793e-05       6.014740130751e-02 
       9.151643884696e-05       6.280313897214e-02 
       9.582947573261e-05       6.557611577750e-02 
       1.003457797844e-04       6.847150334512e-02 
       1.050749306886e-04       7.149470302925e-02 
       1.100269596085e-04       7.465135169645e-02 
       1.152123704613e-04       7.794733549192e-02 
       1.206421621987e-04       8.138879889956e-02 
       1.263278521368e-04       8.498215716372e-02 
       1.322815003864e-04       8.873410736978e-02 
       1.385157354336e-04       9.265164020563e-02 
       1.450437809268e-04       9.674205440261e-02 
       1.518794837257e-04       1.010129682073e-01 
       1.590373432724e-04       1.054723335266e-01 
       1.665325423467e-04       1.101284524271e-01 
       1.743809792708e-04       1.149899896184e-01 
       1.825993016315e-04       1.200659888448e-01 
       1.912049415925e-04       1.253658906277e-01 
       2.002161528699e-04       1.308995453141e-01 
       2.096520494510e-04       1.366772355401e-01 
       2.195326461375e-04       1.427096914409e-01 
       2.298789009998e-04       1.490081110312e-01 
       2.407127598314e-04       1.555841774135e-01 
       2.520572026996e-04       1.624500826669e-01 
       2.639362926886e-04       1.696185473974e-01 
       2.763752269409e-04       1.771028401776e-01 
       2.894003901039e-04       1.849168033746e-01 
       3.030394102949e-04       1.930748788851e-01 
       3.173212177043e-04       2.015921254691e-01 
       3.322761059604e-04       2.104842485990e-01 
       3.479357963863e-04       2.197676244784e-01 
       3.643335052850e-04       2.294593286573e-01 
       3.815040143953e-04       2.395771579561e-01 
       3.994837446694e-04       2.501396651413e-01 
       4.183108335256e-04       2.611661821045e-01 
       4.380252157436e-04       2.726768509228e-01 
       4.586687081713e-04       2.846926526973e-01 
       4.802850984238e-04       2.972354376856e-01 
       5.029202377630e-04       3.103279571857e-01 
       5.266221383541e-04       3.239938891469e-01 
       5.514410751062e-04       3.382578732483e-01 
       5.774296923116e-04       3.531455405289e-01 
       6.046431153117e-04       3.686835349712e-01 
       6.331390674254e-04       3.848995627602e-01 
       6.629779923874e-04       4.018223896279e-01 
       6.942231825583e-04       4.194818994586e-01 
       7.269409131756e-04       4.379090950561e-01 
       7.612005829323e-04       4.571361385411e-01 
       7.970748611814e-04       4.771963558436e-01 
       8.346398420768e-04       4.981242603995e-01 
       8.739752059793e-04       5.199555709285e-01 
       9.151643884696e-04       5.427272107748e-01 
       9.582947573261e-04       5.664773106813e-01 
       1.003457797844e-03       5.912452046663e-01 
       1.050749306886e-03       6.170714184322e-01 
       1.100269596085e-03       6.439976386117e-01 
       1.152123704613e-03       6.720666835950e-01 
       1.206421621987e-03       7.013224578942e-01 
       1.263278521368e-03       7.318098815670e-01 
       1.322815003864e-03       7.635748142815e-01 
       1.385157354336e-03       7.966603140312e-01 
       1.450437809268e-03       8.311160559493e-01 
       1.518794837257e-03       8.669909150272e-01 
       1.590373432724e-03       9.043332008068e-01 
       1.665325423467e-03       9.431913910013e-01 
       1.743809792708e-03       9.836139067068e-01 
       1.825993016315e-03       1.025648790329e+00 
       1.912049415925e-03       1.069343401218e+00 
       2.002161528699e-03       1.114744024494e+00 
       2.096520494510e-03       1.161895431899e+00 
       2.195326461375e-03       1.210840423204e+00 
       2.298789009998e-03       1.261619181351e+00 
       2.407127598314e-03       1.314268774313e+00 
       2.520572026996e-03       1.368822314856e+00 
       2.639362926886e-03       1.425308281696e+00 
       2.763752269409e-03       1.483749675625e+00 
       2.894003901039e-03       1.544162983688e+00 
       3.030394102949e-03       1.606557305138e+00 
       3.173212177043e-03       1.670933101107e+00 
       3.322761059604e-03       1.737281280373e+00 
       3.479357963863e-03       1.805581740558e+00 
       3.643335052849e-03       1.875802122294e+00 
       3.815040143950e-03       1.947896783626e+00 
       3.994837446681e-03       2.021805428323e+00 
       4.183108335210e-03       2.097451290897e+00 
       4.380252157286e-03       2.174740880100e+00 
       4.586687081235e-03       2.253561861154e+00 
       4.802850982775e-03       2.333782809094e+00 
       5.029202373312e-03       2.415252420141e+00 
       5.266221371256e-03       2.497798228512e+00 
       5.514410717333e-03       2.581226737052e+00 
       5.774296833674e-03       2.665322773057e+00 
       6.046430923834e-03       2.749855019557e+00 
       6.331390105540e-03       2.834566785207e+00 
       6.629778557755e-03       2.919184549254e+00 
       6.942228644792e-03       3.003418565971e+00 
       7.269401947115e-03       3.086961197925e+00 
       7.611990072654e-03       3.169490941082e+00 
       7.970715032416e-03       3.250674903066e+00 
       8.346328824980e-03       3.330163884736e+00 
       8.739611669085e-03       3.407600178620e+00 
       9.151368034993e-03       3.482610638658e+00 
       9.582419242704e-03       3.554810979669e+00 
       1.003359092279e-02       3.623799605597e+00 
       1.050569310981e-02       3.689157948471e+00 
       1.099949025164e-02       3.750440497416e+00 
       1.151565815193e-02       3.807185570523e+00 
       1.205472512512e-02       3.858914322181e+00 
       1.261699587996e-02       3.905118240165e+00 
       1.320245939577e-02       3.945305339147e+00 
       1.381068673844e-02       3.979003548790e+00 
       1.444073127176e-02       4.005774938173e+00 
       1.509105080496e-02       4.025284438529e+00 
       1.575947604486e-02       4.037315564047e+00 
       1.644324829568e-02       4.041808486509e+00 
       1.713913848642e-02       4.038882648069e+00 
       1.784364001375e-02       4.028826326069e+00 
       1.855320600719e-02       4.012094934080e+00 
       1.926448738419e-02       3.989257493091e+00 
       1.997452875620e-02       3.960965564368e+00 
       2.068089425841e-02       3.927887101205e+00 
       2.138171672076e-02       3.890701924030e+00 
       2.207568172342e-02       3.850050410585e+00 
       2.276196753016e-02       3.806517434888e+00 
       2.344016271634e-02       3.760632726770e+00 
       2.411017880476e-02       3.712858503106e+00 
       2.477216902579e-02       3.663597714868e+00 
       2.542645879531e-02       3.613213712773e+00 
       2.607348958827e-02       3.561976813758e+00 
       2.671377557508e-02       3.510179078172e+00 
       2.734787128950e-02       3.458016634998e+00 
       2.797634826620e-02       3.405684441670e+00 
       2.859977867139e-02       3.353345667041e+00 
       2.921872422068e-02       3.301138768111e+00 
       2.983372899911e-02       3.249199269895e+00 
       3.044531510342e-02       3.197606064906e+00 
       3.105398028717e-02       3.146465812649e+00 
       3.166019700009e-02       3.095854858754e+00 
       3.226441237591e-02       3.045854781122e+00 
       3.286704884741e-02       2.996523062043e+00 
       3.346850515889e-02       2.947930108505e+00 
       3.406915761454e-02       2.900103013416e+00 
       3.466936144983e-02       2.853086403297e+00 
       3.526945224916e-02       2.806933518747e+00 
       3.586974735763e-02       2.761700701468e+00 
       3.647054725368e-02       2.717368745184e+00 
       3.707213686134e-02       2.673995634693e+00 
       3.767478679011e-02       2.631607295721e+00 
       3.827875449653e-02       2.590218600197e+00 
       3.888428536563e-02       2.549840201984e+00 
       3.949161371318e-02       2.510496740973e+00 
       4.010096371154e-02       2.472190535804e+00 
       4.071255024284e-02       2.434930351004e+00 
       4.132657968400e-02       2.398727029470e+00 
       4.194325062823e-02       2.363577331412e+00 
       4.256275454771e-02       2.329494612613e+00 
       4.318527640216e-02       2.296457500417e+00 
       4.381099519767e-02       2.264463567215e+00 
       4.444008450006e-02       2.233522896979e+00 
       4.507271290656e-02       2.203609671898e+00 
       4.570904447965e-02       2.174708591791e+00 
       4.634923914612e-02       2.146811983787e+00 
       4.699345306477e-02       2.119892187867e+00 
       4.764183896516e-02       2.093939834498e+00 
       4.829454646035e-02       2.068943457960e+00 
       4.895172233563e-02       2.044843275875e+00 
       4.961351081554e-02       2.021611821110e+00 
       5.028005381113e-02       1.999252164206e+00 
       5.095149114894e-02       1.977710034353e+00 
       5.162796078363e-02       1.956948738987e+00 
       5.230959899540e-02       1.936919541256e+00 
       5.299654057364e-02       1.917586581589e+00 
       5.368891898797e-02       1.898914820992e+00 
       5.438686654766e-02       1.880848331549e+00 
       5.509051455051e-02       1.863343270605e+00 
       5.579999342198e-02       1.846352982758e+00 
       5.651543284539e-02       1.829813257018e+00 
       5.723696188389e-02       1.813673597811e+00 
       5.796470909498e-02       1.797889658807e+00 
       5.869880263799e-02       1.782391888562e+00 
       5.943937037517e-02       1.767132474448e+00 
       6.018653996694e-02       1.752035079660e+00 
       6.094043896164e-02       1.737063047643e+00 
       6.170119488021e-02       1.722139638025e+00 
       6.246893529633e-02       1.707214399276e+00 
       6.324378791211e-02       1.692218305279e+00 
       6.402588062984e-02       1.677104286710e+00 
       6.481534162008e-02       1.661809185251e+00 
       6.561229938623e-02       1.646284261637e+00 
       6.641688282591e-02       1.630469374039e+00 
       6.722922128940e-02       1.614320185870e+00 
       6.804944463529e-02       1.597790748927e+00 
       6.887768328353e-02       1.580836084125e+00 
       6.971406826607e-02       1.563424659549e+00 
       7.055873127525e-02       1.545521334690e+00 
       7.141180471009e-02       1.527098688694e+00 
       7.227342172063e-02       1.508134712733e+00 
       7.314371625035e-02       1.488621862876e+00 
       7.402282307693e-02       1.468545557808e+00 
       7.491087785138e-02       1.447907639052e+00 
       7.580801713560e-02       1.426714994292e+00 
       7.671437843857e-02       1.404981878268e+00 
       7.763010025111e-02       1.382730031467e+00 
       7.855532207947e-02       1.359989192030e+00 
       7.949018447765e-02       1.336795059379e+00 
       8.043482907862e-02       1.313192439624e+00 
       8.138939862451e-02       1.289232633649e+00 
       8.235403699574e-02       1.264974265001e+00 
       8.332888923922e-02       1.240476088435e+00 
       8.431410159573e-02       1.215809514290e+00 
       8.530982152636e-02       1.191043047719e+00 
       8.631619773822e-02       1.166262842867e+00 
       8.733338020935e-02       1.141541263946e+00 
       8.836152021298e-02       1.116959475171e+00 
       8.940077034111e-02       1.092599843049e+00 
       9.045128452740e-02       1.068551770845e+00 
       9.151321806955e-02       1.044893383866e+00 
       9.258672765109e-02       1.021697911882e+00 
       9.367197136262e-02       9.990426201256e-01 
       9.476910872262e-02       9.770024676971e-01 
       9.587830069776e-02       9.556425025475e-01 
       9.699970972279e-02       9.350214383005e-01 
       9.813349972003e-02       9.151887189267e-01 
       9.927983611855e-02       8.961943011180e-01 
       1.004388858729e-01       8.780713833924e-01 
       1.016108174818e-01       8.608507900415e-01 
       1.027958010059e-01       8.445427642804e-01 
       1.039940080863e-01       8.291602067449e-01 
       1.052056119619e-01       8.146997634599e-01 
       1.064307874874e-01       8.011495639845e-01 
       1.076697111501e-01       7.884794552473e-01 
       1.089225610876e-01       7.766661300872e-01 
       1.101895171049e-01       7.656553894243e-01 
       1.114707606913e-01       7.553986137393e-01 
       1.127664750378e-01       7.458217716130e-01 
       1.140768450539e-01       7.368688170423e-01 
       1.154020573846e-01       7.284436740117e-01 
       1.167423004278e-01       7.204638160024e-01 
       1.180977643512e-01       7.128338814027e-01 
       1.194686411101e-01       7.054525412897e-01 
       1.208551244641e-01       6.982183213168e-01 
       1.222574099958e-01       6.910297464720e-01 
       1.236756951279e-01       6.837812440646e-01 
       1.251101791415e-01       6.763751242158e-01 
       1.265610631950e-01       6.687167909293e-01 
       1.280285503425e-01       6.607203668316e-01 
       1.295128455533e-01       6.523104664733e-01 
       1.310141557313e-01       6.434243662024e-01 
       1.325326897350e-01       6.340140680137e-01 
       1.340686583987e-01       6.240496299234e-01 
       1.356222745528e-01       6.135168230405e-01 
       1.371937530464e-01       6.024214585808e-01 
       1.387833107689e-01       5.907885066465e-01 
       1.403911666740e-01       5.786612087832e-01 
       1.420175418028e-01       5.660994272749e-01 
       1.436626593087e-01       5.531807177915e-01 
       1.453267444831e-01       5.399951914235e-01 
       1.470100247816e-01       5.266440672378e-01 
       1.487127298515e-01       5.132360885450e-01 
       1.504350915599e-01       4.998863529980e-01 
       1.521773440236e-01       4.867099785759e-01 
       1.539397236394e-01       4.738143148618e-01 
       1.557224691158e-01       4.613118137301e-01 
       1.575258215064e-01       4.492960687203e-01 
       1.593500242439e-01       4.378503145186e-01 
       1.611953231763e-01       4.270468858933e-01 
       1.630619666035e-01       4.169289486178e-01 
       1.649502053167e-01       4.075326714066e-01 
       1.668602926381e-01       3.988744419902e-01 
       1.687924844635e-01       3.909438687657e-01 
       1.707470393055e-01       3.837129835560e-01 
       1.727242183396e-01       3.771358420171e-01 
       1.747242854512e-01       3.711493903320e-01 
       1.767475072853e-01       3.656613791151e-01 
       1.787941532978e-01       3.605889769852e-01 
       1.808644958095e-01       3.558256363443e-01 
       1.829588100615e-01       3.512619598214e-01 
       1.850773742737e-01       3.468284351451e-01 
       1.872204697055e-01       3.423802829884e-01 
       1.893883807183e-01       3.377976256644e-01 
       1.915813948422e-01       3.329843181171e-01 
       1.937998028434e-01       3.278624951712e-01 
       1.960438987960e-01       3.223727108946e-01 
       1.983139801559e-01       3.164848510576e-01 
       2.006103478382e-01       3.101957163902e-01 
       2.029333062968e-01       3.035302343427e-01 
       2.052831636086e-01       2.965419244155e-01 
       2.076602315599e-01       2.893035606043e-01 
       2.100648257369e-01       2.819062952963e-01 
       2.124972656195e-01       2.744521420557e-01 
       2.149578746788e-01       2.670425454747e-01 
       2.174469804791e-01       2.597736402549e-01 
       2.199649147828e-01       2.527375916879e-01 
       2.225120136604e-01       2.460157113039e-01 
       2.250886176045e-01       2.396687676748e-01 
       2.276950716480e-01       2.337357016243e-01 
       2.303317254869e-01       2.282570347922e-01 
       2.329989336088e-01       2.232381124777e-01 
       2.356970554246e-01       2.186558374410e-01 
       2.384264554075e-01       2.144832118891e-01 
       2.411875032349e-01       2.106573247190e-01 
       2.439805739383e-01       2.071062378947e-01 
       2.468060480566e-01       2.037401837275e-01 
       2.496643117972e-01       2.004681123502e-01 
       2.525557572020e-01       1.972044969441e-01 
       2.554807823202e-01       1.938688439047e-01 
       2.584397913881e-01       1.904020216646e-01 
       2.614331950149e-01       1.867637193400e-01 
       2.644614103765e-01       1.829337817491e-01 
       2.675248614163e-01       1.789133355394e-01 
       2.706239790536e-01       1.747241793555e-01 
       2.737592014000e-01       1.704090600633e-01 
       2.769309739849e-01       1.660281873941e-01 
       2.801397499884e-01       1.616510012385e-01 
       2.833859904841e-01       1.573522614928e-01 
       2.866701646914e-01       1.532035447169e-01 
       2.899927502365e-01       1.492623210311e-01 
       2.933542334253e-01       1.455642585785e-01 
       2.967551095251e-01       1.421286931084e-01 
       3.001958830590e-01       1.389484335590e-01 
       3.036770681108e-01       1.359967945520e-01 
       3.071991886422e-01       1.332375724943e-01 
       3.107627788236e-01       1.306253843999e-01 
       3.143683833762e-01       1.281071777178e-01 
       3.180165579299e-01       1.256297112928e-01 
       3.217078693945e-01       1.231428102403e-01 
       3.254428963462e-01       1.206057845294e-01 
       3.292222294299e-01       1.179944502300e-01 
       3.330464717789e-01       1.153048767171e-01 
       3.369162394503e-01       1.125524952767e-01 
       3.408321618809e-01       1.097665657195e-01 
       3.447948823598e-01       1.069838195541e-01 
       3.488050585234e-01       1.042418700884e-01 
       3.528633628700e-01       1.015761438175e-01 
       3.569704832969e-01       9.901707056889e-02 
       3.611271236616e-01       9.658759364529e-02 
       3.653340043667e-01       9.429762627643e-02 
       3.695918629711e-01       9.214171998612e-02 
       3.739014548282e-01       9.009839099439e-02 
       3.782635537534e-01       8.813614028559e-02 
       3.826789527211e-01       8.622205574443e-02 
       3.871484645944e-01       8.432880636144e-02 
       3.916729228879e-01       8.243573253130e-02 
       3.962531825667e-01       8.053121683663e-02 
       4.008901208827e-01       7.861079956630e-02 
       4.055846382512e-01       7.668034179701e-02 
       4.103376591686e-01       7.475595758860e-02 
       4.151501331763e-01       7.286056196699e-02 
       4.200230358704e-01       7.101695238393e-02 
       4.249573699625e-01       6.923970328202e-02 
       4.299541663930e-01       6.753398047247e-02 
       4.350144855012e-01       6.589923102577e-02 
       4.401394182552e-01       6.432969125776e-02 
       4.453300875452e-01       6.281500589980e-02 
       4.505876495444e-01       6.133877566695e-02 
       4.559132951425e-01       5.988266104097e-02 
       4.613082514549e-01       5.843784445092e-02 
       4.667737834138e-01       5.699989207873e-02 
       4.723111954469e-01       5.557352967504e-02 
       4.779218332474e-01       5.416532477947e-02 
       4.836070856445e-01       5.278186946899e-02 
       4.893683865787e-01       5.143272137959e-02 
       4.952072171902e-01       5.012594775230e-02 
       5.011251080282e-01       4.886568572641e-02 
       5.071236413899e-01       4.764481341662e-02 
       5.132044537972e-01       4.645625652039e-02 
       5.193692386225e-01       4.529535912866e-02 
       5.256197488738e-01       4.415679738332e-02 
       5.319578001501e-01       4.303441313764e-02 
       5.383852737813e-01       4.192597550713e-02 
       5.449041201653e-01       4.083581126751e-02 
       5.515163623173e-01       3.976933912190e-02 
       5.582240996486e-01       3.872837993163e-02 
       5.650295119916e-01       3.771399508674e-02 
       5.719348638918e-01       3.672823018890e-02 
       5.789425091865e-01       3.576974366295e-02 
       5.860548958943e-01       3.483286134830e-02 
       5.932745714420e-01       3.391426126743e-02 
       6.006041882534e-01       3.301401285464e-02 
       6.080465097350e-01       3.213067354760e-02 
       6.156044166880e-01       3.126382358070e-02 
       6.232809141865e-01       3.041646927087e-02 
       6.310791389609e-01       2.959080555522e-02 
       6.390023673311e-01       2.878459799872e-02 
       6.470540237405e-01       2.799783917616e-02 
       6.552376899426e-01       2.722987424862e-02 
       6.635571149028e-01       2.647798573030e-02 
       6.720162254811e-01       2.574103258923e-02 
       6.806191379684e-01       2.502003005969e-02 
       6.893701705610e-01       2.431599475302e-02 
       6.982738568623e-01       2.362635352670e-02 
       7.073349605134e-01       2.295443876531e-02 
       7.165584910667e-01       2.229740837638e-02 
       7.259497212284e-01       2.165478606104e-02 
       7.355142056096e-01       2.102721197320e-02 
       7.452578011467e-01       2.041233767724e-02 
       7.551866893652e-01       1.981154654021e-02 
       7.653074006884e-01       1.922460276133e-02 
       7.756268410132e-01       1.865002352467e-02 
       7.861523208058e-01       1.808952959245e-02 
       7.968915870017e-01       1.754090349913e-02 
       8.078528580313e-01       1.700464793039e-02 
       8.190448623365e-01       1.648008192798e-02 
       8.304768807887e-01       1.596745090352e-02 
       8.421587934812e-01       1.546562294095e-02 
       8.541011314268e-01       1.497704686518e-02 
       8.663151337717e-01       1.449736601153e-02 
       8.788128112206e-01       1.402842580787e-02 
       8.916070164688e-01       1.357079256374e-02 
       9.047115225547e-01       1.312248012908e-02 
       9.181411101793e-01       1.268479133421e-02 
       9.319116651975e-01       1.225630971175e-02 
       9.460402876711e-01       1.183816563333e-02 
       9.605454140835e-01       1.142856641696e-02 
       9.754469545685e-01       1.102809888945e-02 
       9.907664472964e-01       1.063673803769e-02 
       1.006527232499e+00       1.025353693483e-02 
       1.022754649013e+00       9.879145774836e-03 
       1.039476256693e+00       9.513725350789e-03 
       1.056722088562e+00       9.155230788041e-03 
       1.074524937232e+00       8.803687477864e-03 
       1.092920680815e+00       8.460764106489e-03 
       1.111948654422e+00       8.125060776977e-03 
       1.131652074264e+00       7.796868687064e-03 
       1.152078522497e+00       7.475366395544e-03 
       1.173280502130e+00       7.161140178248e-03 
       1.195316072650e+00       6.853698468384e-03 
       1.218249578404e+00       6.552818438772e-03 
       1.242152483148e+00       6.258227476710e-03 
       1.267104325460e+00       5.969380864212e-03 
       1.293193810554e+00       5.687958666449e-03 
       1.320520054251e+00       5.411941599789e-03 
       1.349193993749e+00       5.142699902700e-03 
       1.379339976640e+00       4.877712699752e-03 
       1.411097533079e+00       4.619294129643e-03 
       1.444623324324e+00       4.366854087746e-03 
       1.480093241599e+00       4.119862721044e-03 
       1.517704599179e+00       3.878241869677e-03 
       1.557678320810e+00       3.643173104889e-03 
       1.600260955002e+00       3.413541148172e-03 
       1.645726269374e+00       3.189913837294e-03 
       1.694376067675e+00       2.972076332414e-03 
       1.746539754469e+00       2.761475565579e-03 
       1.802572065784e+00       2.557379089508e-03 
       1.862848336315e+00       2.360082826988e-03 
       1.927756759225e+00       2.170530930921e-03 
       1.997687405208e+00       1.989082132656e-03 
       2.073018377319e+00       1.816142152623e-03 
       2.154100372622e+00       1.652612737528e-03 
       2.241241913308e+00       1.498383864823e-03 
       2.334698206391e+00       1.354650061198e-03 
       2.434666512426e+00       1.220740523823e-03 
       2.541289769359e+00       1.097383473177e-03 
       2.654668247911e+00       9.841523057926e-04 
       2.774876953827e+00       8.809716262071e-04 
       2.901985219168e+00       7.875934208535e-04 
       3.036074907789e+00       7.031478557106e-04 
       3.177254706426e+00       6.271422645937e-04 
       3.325669452754e+00       5.589114257328e-04 
       3.481504741107e+00       4.978140670463e-04 
       3.644987820426e+00       4.431970246899e-04 
       3.816386050358e+00       3.942029175337e-04 
       3.996004075216e+00       3.509144379935e-04 
       4.184180602250e+00       3.120164665529e-04 
       4.381285368136e+00       2.771738372972e-04 
       4.587716618748e+00       2.464212640329e-04 
       4.803899236655e+00       2.189443217709e-04 
       5.030283526463e+00       1.944958578469e-04 
       5.267344597445e+00       1.727280552349e-04 
       5.515582250870e+00       1.533667756450e-04 
       5.775521272833e+00       1.361745965964e-04 
       6.047712041610e+00       1.208358208115e-04 
       6.332731373956e+00       1.071487802519e-04 
       6.631183552167e+00       9.510779542384e-05 
       6.943701490068e+00       8.430323248389e-05 
       7.270948009780e+00       7.480260928026e-05 
       7.613617211721e+00       6.632023509018e-05 
       7.972435927981e+00       5.878989637973e-05 
       8.348165254456e+00       5.207000477729e-05 
       8.741602160576e+00       4.617157113743e-05 
       9.153581177606e+00       4.089404714576e-05 
       9.584976167822e+00       3.617934459758e-05 
       1.003670217766e+01       3.210352342139e-05 
       1.050971737850e+01       2.840383621358e-05 
       1.100502509897e+01       2.515044798500e-05 
       1.152367595315e+01       2.225512939326e-05 
       1.206677006903e+01       1.966254214717e-05 
       1.263545942204e+01       1.742651443988e-05 
       1.323095027856e+01       1.543612736973e-05 
       1.385450575452e+01       1.363718333698e-05 
       1.450744849470e+01       1.206592888795e-05 
       1.519116347817e+01       1.066859514685e-05 
       1.590710095610e+01       9.464322106518e-06 
       1.665677952786e+01       8.339874467539e-06 
       1.744178936222e+01       7.368026228991e-06 
       1.826379557027e+01       6.548092765510e-06 
       1.912454173739e+01       5.769885975647e-06 
       2.002585362162e+01       5.099185880233e-06 
       2.096964302628e+01       4.494837147549e-06 
       2.195791185526e+01       3.966448465773e-06 
       2.299275635922e+01       3.499836444012e-06 
       2.407637158212e+01       3.086024261597e-06 
       2.521105601712e+01       2.714897593500e-06 
       2.639921648204e+01       2.413292665005e-06 
       2.764337322452e+01       2.127581537108e-06 
       2.894616526782e+01       1.872264718607e-06 
       3.031035600853e+01       1.653028413875e-06 
       3.173883907812e+01       1.462295673590e-06 
       3.323464448069e+01       1.290055492666e-06 
       3.480094502006e+01       1.146024547450e-06 
       3.644106302965e+01       1.002077892015e-06 
       3.815847741967e+01       8.877290129808e-07 
       3.995683105629e+01       7.771697731104e-07 
       4.183993848869e+01       6.812610390441e-07 
       4.381179404020e+01       6.040381050110e-07 
       4.587658028082e+01       5.365700133266e-07 
       4.803867689900e+01       4.687025985168e-07 
       5.030266999153e+01       4.172861658573e-07 
       5.267336179132e+01       3.734080681629e-07 
       5.515578085350e+01       3.213162066261e-07 
       5.775519272174e+01       2.841681961454e-07 
       6.047711109712e+01       2.549754312803e-07 
       6.332730953344e+01       2.217833931689e-07 
       6.631183368372e+01       1.934708320201e-07 
       6.943701412382e+01       1.763790329501e-07 
       7.270947978047e+01       1.514930175923e-07 
       7.613617199206e+01       1.366450272598e-07 
       7.972435923220e+01       1.154256774766e-07 
       8.348165252710e+01       9.911303953937e-08 
       8.741602159959e+01       9.181022666124e-08 
       9.153581177397e+01       7.721444344952e-08 
       9.584976167753e+01       6.897349406904e-08 
       1.003670217764e+02       5.954492456142e-08 
       1.050971737849e+02       5.429325106368e-08 
       1.100502509897e+02       4.724320717059e-08 
       1.152367595315e+02       4.148250946504e-08 
       1.206677006903e+02       3.722752445005e-08 
       1.263545942204e+02       3.106640218472e-08 
       1.323095027856e+02       2.714700069919e-08 
       1.385450575452e+02       2.480951955502e-08 
       1.450744849470e+02       2.178788542448e-08 
       1.519116347817e+02       1.931477428316e-08 
       1.590710095610e+02       1.719741169227e-08 
       1.665677952786e+02       1.479262267763e-08 
       1.744178936222e+02       1.479248082610e-08 
       1.826379557027e+02       1.118344698164e-08 
       1.912454173739e+02       1.000414867651e-08 
       2.002585362162e+02       8.892709820197e-09 
       2.096964302628e+02       7.882106526569e-09 
       2.195791185526e+02       7.502198670325e-09 
