# Matter power spectrum P(k) at redshift z=99
# for k=1.05618e-05 to 220.714 h/Mpc,
# number of wavenumbers equal to 596
#    1:k (h/Mpc)              2:P (Mpc/h)^3        
       1.056178378820e-05       8.456989741556e-03 
       1.105954532297e-05       8.830429088004e-03 
       1.158076563614e-05       9.220357836370e-03 
       1.212655030589e-05       9.627503872463e-03 
       1.269805701467e-05       1.005262911369e-02 
       1.329649800484e-05       1.049652637755e-02 
       1.392314264997e-05       1.096002521635e-02 
       1.457932014737e-05       1.144399081579e-02 
       1.526642233749e-05       1.194932694896e-02 
       1.598590665618e-05       1.247697887295e-02 
       1.673929922617e-05       1.302792852986e-02 
       1.752819809409e-05       1.360320626772e-02 
       1.835427662021e-05       1.420388666540e-02 
       1.921928702784e-05       1.483109123315e-02 
       2.012506412004e-05       1.548599104619e-02 
       2.107352917145e-05       1.616980957795e-02 
       2.206669400361e-05       1.688382260686e-02 
       2.310666525228e-05       1.762936386954e-02 
       2.419564883592e-05       1.840782567175e-02 
       2.533595463470e-05       1.922066213102e-02 
       2.653000139012e-05       2.006938965321e-02 
       2.778032183543e-05       2.095559318184e-02 
       2.908956806792e-05       2.188092823637e-02 
       3.046051717438e-05       2.284712233582e-02 
       3.189607712169e-05       2.385597934264e-02 
       3.339929292496e-05       2.490938287347e-02 
       3.497335310644e-05       2.600929970393e-02 
       3.662159645882e-05       2.715778336872e-02 
       3.834751912723e-05       2.835697810858e-02 
       4.015478202505e-05       2.960912264299e-02 
       4.204721859919e-05       3.091655513994e-02 
       4.402884296134e-05       3.228171520392e-02 
       4.610385840247e-05       3.370715236045e-02 
       4.827666630853e-05       3.519552822007e-02 
       5.055187549639e-05       3.674961786620e-02 
       5.293431198978e-05       3.837232568794e-02 
       5.542902925593e-05       4.006667889735e-02 
       5.804131892463e-05       4.183583991711e-02 
       6.077672201251e-05       4.368311091510e-02 
       6.364104067625e-05       4.561193935829e-02 
       6.664035051977e-05       4.762592418613e-02 
       6.978101348137e-05       4.972882270011e-02 
       7.306969132827e-05       5.192456017423e-02 
       7.651335978710e-05       5.421723275561e-02 
       8.011932334036e-05       5.661111628110e-02 
       8.389523072022e-05       5.911067754286e-02 
       8.784909113245e-05       6.172057805492e-02 
       9.198929124512e-05       6.444568569292e-02 
       9.632461297773e-05       6.729108061832e-02 
       1.008642521289e-04       7.026206743753e-02 
       1.056178378820e-04       7.336418724333e-02 
       1.105954532297e-04       7.660321877265e-02 
       1.158076563614e-04       7.998519845207e-02 
       1.212655030589e-04       8.351642739859e-02 
       1.269805701467e-04       8.720348316989e-02 
       1.329649800484e-04       9.105323124194e-02 
       1.392314264997e-04       9.507283869252e-02 
       1.457932014737e-04       9.926978640288e-02 
       1.526642233749e-04       1.036518824801e-01 
       1.598590665618e-04       1.082272778349e-01 
       1.673929922617e-04       1.130044775529e-01 
       1.752819809409e-04       1.179923592424e-01 
       1.835427662021e-04       1.232001881097e-01 
       1.921928702784e-04       1.286376321520e-01 
       2.012506412004e-04       1.343147782991e-01 
       2.107352917145e-04       1.402421548303e-01 
       2.206669400361e-04       1.464307453616e-01 
       2.310666525228e-04       1.528920064804e-01 
       2.419564883592e-04       1.596378933557e-01 
       2.533595463470e-04       1.666808745270e-01 
       2.653000139012e-04       1.740339553956e-01 
       2.778032183543e-04       1.817106975014e-01 
       2.908956806792e-04       1.897252442421e-01 
       3.046051717438e-04       1.980923423898e-01 
       3.189607712169e-04       2.068273637464e-01 
       3.339929292496e-04       2.159463313748e-01 
       3.497335310644e-04       2.254659428423e-01 
       3.662159645882e-04       2.354035984331e-01 
       3.834751912723e-04       2.457774211188e-01 
       4.015478202505e-04       2.566062885298e-01 
       4.204721859919e-04       2.679098565006e-01 
       4.402884296135e-04       2.797085842363e-01 
       4.610385840247e-04       2.920237632012e-01 
       4.827666630853e-04       3.048775421169e-01 
       5.055187549639e-04       3.182929555798e-01 
       5.293431198978e-04       3.322939448308e-01 
       5.542902925593e-04       3.469053849430e-01 
       5.804131892463e-04       3.621531133755e-01 
       6.077672201251e-04       3.780639401146e-01 
       6.364104067626e-04       3.946656873663e-01 
       6.664035051978e-04       4.119871843092e-01 
       6.978101348138e-04       4.300583029945e-01 
       7.306969132827e-04       4.489099578431e-01 
       7.651335978710e-04       4.685741248159e-01 
       8.011932334036e-04       4.890838273848e-01 
       8.389523072022e-04       5.104731523731e-01 
       8.784909113245e-04       5.327772318436e-01 
       9.198929124512e-04       5.560322260692e-01 
       9.632461297773e-04       5.802752958434e-01 
       1.008642521289e-03       6.055445736034e-01 
       1.056178378820e-03       6.318791017332e-01 
       1.105954532297e-03       6.593187799609e-01 
       1.158076563614e-03       6.879042835603e-01 
       1.212655030589e-03       7.176769612506e-01 
       1.269805701467e-03       7.486787243902e-01 
       1.329649800484e-03       7.809519031718e-01 
       1.392314264997e-03       8.145340874187e-01 
       1.457932014737e-03       8.494720124507e-01 
       1.526642233749e-03       8.858086397117e-01 
       1.598590665618e-03       9.235859367212e-01 
       1.673929922617e-03       9.628451088039e-01 
       1.752819809409e-03       1.003626304097e+00 
       1.835427662021e-03       1.045968175703e+00 
       1.921928702784e-03       1.089907482183e+00 
       2.012506412004e-03       1.135478580978e+00 
       2.107352917145e-03       1.182712907970e+00 
       2.206669400361e-03       1.231638360545e+00 
       2.310666525228e-03       1.282278687959e+00 
       2.419564883592e-03       1.334652735554e+00 
       2.533595463470e-03       1.388773816045e+00 
       2.653000139012e-03       1.444648743993e+00 
       2.778032183543e-03       1.502277178445e+00 
       2.908956806792e-03       1.561650765234e+00 
       3.046051717438e-03       1.622752094805e+00 
       3.189607712169e-03       1.685554135965e+00 
       3.339929292496e-03       1.750019407631e+00 
       3.497335310644e-03       1.816098704065e+00 
       3.662159645880e-03       1.883731503129e+00 
       3.834751912718e-03       1.952844617337e+00 
       4.015478202490e-03       2.023351703015e+00 
       4.204721859867e-03       2.095154501369e+00 
       4.402884295964e-03       2.168140940554e+00 
       4.610385839707e-03       2.242187144907e+00 
       4.827666629205e-03       2.317157317397e+00 
       5.055187544795e-03       2.392904663785e+00 
       5.293431185251e-03       2.469273165134e+00 
       5.542902888047e-03       2.546096673809e+00 
       5.804131793270e-03       2.623203321206e+00 
       6.077671947884e-03       2.700414916703e+00 
       6.364103441374e-03       2.777547971665e+00 
       6.664033552768e-03       2.854412657441e+00 
       6.978097869031e-03       2.930812551190e+00 
       7.306961299681e-03       3.006544671262e+00 
       7.651318853600e-03       3.081393144320e+00 
       8.011895949394e-03       3.155124734302e+00 
       8.389447885159e-03       3.227486231565e+00 
       8.784757879837e-03       3.298186524967e+00 
       9.198632800017e-03       3.366905604630e+00 
       9.631895292998e-03       3.433266526453e+00 
       1.008537056629e-02       3.496849977786e+00 
       1.055986552630e-02       3.557178241494e+00 
       1.105613751534e-02       3.613728069586e+00 
       1.157484965980e-02       3.665943283519e+00 
       1.211651018580e-02       3.713254700693e+00 
       1.268139443257e-02       3.755100502844e+00 
       1.326945123626e-02       3.790972490824e+00 
       1.388020025785e-02       3.820438305234e+00 
       1.451263348713e-02       3.843170720851e+00 
       1.516514116284e-02       3.858965339444e+00 
       1.583548670288e-02       3.867741977790e+00 
       1.652085290364e-02       3.869547382615e+00 
       1.721796972921e-02       3.864543602486e+00 
       1.792331375815e-02       3.853004025901e+00 
       1.863334780588e-02       3.835299863633e+00 
       1.934475637196e-02       3.811924599744e+00 
       2.005463499233e-02       3.783436986812e+00 
       2.076060774736e-02       3.750467071098e+00 
       2.146086860036e-02       3.713650194407e+00 
       2.215415959291e-02       3.673628029881e+00 
       2.283970735576e-02       3.630981906996e+00 
       2.351713945555e-02       3.586233756887e+00 
       2.418639725056e-02       3.539826817014e+00 
       2.484765571715e-02       3.492136172010e+00 
       2.550125533532e-02       3.443484664406e+00 
       2.614764738973e-02       3.394116908844e+00 
       2.678735188452e-02       3.344263961758e+00 
       2.742092627493e-02       3.294112769679e+00 
       2.804894294753e-02       3.243810899013e+00 
       2.867197349577e-02       3.193547846253e+00 
       2.929057811854e-02       3.143433917441e+00 
       2.990529879076e-02       3.093602071183e+00 
       3.051665515660e-02       3.044161665000e+00 
       3.112514235091e-02       2.995178548942e+00 
       3.173123015974e-02       2.946753902429e+00 
       3.233536308968e-02       2.898944101425e+00 
       3.293796103551e-02       2.851786177410e+00 
       3.353942032520e-02       2.805349323565e+00 
       3.414011498643e-02       2.759668565330e+00 
       3.474039812648e-02       2.714784107676e+00 
       3.534060335156e-02       2.670711305164e+00 
       3.594104617598e-02       2.627517573718e+00 
       3.654202538936e-02       2.585211309568e+00 
       3.714382436170e-02       2.543823471023e+00 
       3.774671227525e-02       2.503388820693e+00 
       3.835094527767e-02       2.463921025220e+00 
       3.895676755501e-02       2.425441601560e+00 
       3.956441232573e-02       2.387942159310e+00 
       4.017410275866e-02       2.351459754997e+00 
       4.078605281879e-02       2.315984480969e+00 
       4.140046804527e-02       2.281510977882e+00 
       4.201754626653e-02       2.248058928151e+00 
       4.263747825697e-02       2.215598199748e+00 
       4.326044834003e-02       2.184142337050e+00 
       4.388663494210e-02       2.153687022459e+00 
       4.451621110116e-02       2.124233951613e+00 
       4.514934493440e-02       2.095760884943e+00 
       4.578620006816e-02       2.068265161068e+00 
       4.642693603355e-02       2.041736058824e+00 
       4.707170863094e-02       2.016139545944e+00 
       4.772067026589e-02       1.991465193869e+00 
       4.837397025916e-02       1.967682021875e+00 
       4.903175513313e-02       1.944779173618e+00 
       4.969416887662e-02       1.922707434269e+00 
       5.036135319008e-02       1.901431843325e+00 
       5.103344771287e-02       1.880940415106e+00 
       5.171059023416e-02       1.861184185455e+00 
       5.239291688882e-02       1.842136160700e+00 
       5.308056233974e-02       1.823743506470e+00 
       5.377365994755e-02       1.805981650386e+00 
       5.447234192891e-02       1.788797747472e+00 
       5.517673950432e-02       1.772148913827e+00 
       5.588698303626e-02       1.755985502470e+00 
       5.660320215848e-02       1.740255715503e+00 
       5.732552589723e-02       1.724902169777e+00 
       5.805408278491e-02       1.709872968726e+00 
       5.878900096689e-02       1.695111389894e+00 
       5.953040830201e-02       1.680562732414e+00 
       6.027843245719e-02       1.666174661832e+00 
       6.103320099662e-02       1.651893922391e+00 
       6.179484146597e-02       1.637664291854e+00 
       6.256348147202e-02       1.623423406736e+00 
       6.333924875798e-02       1.609118999781e+00 
       6.412227127479e-02       1.594695142250e+00 
       6.491267724883e-02       1.580097105366e+00 
       6.571059524616e-02       1.565269623320e+00 
       6.651615423363e-02       1.550163035147e+00 
       6.732948363692e-02       1.534729023127e+00 
       6.815071339599e-02       1.518930483488e+00 
       6.897997401784e-02       1.502731145280e+00 
       6.981739662691e-02       1.486087192243e+00 
       7.066311301326e-02       1.468977173779e+00 
       7.151725567864e-02       1.451373978860e+00 
       7.237995788060e-02       1.433257196922e+00 
       7.325135367477e-02       1.414613819426e+00 
       7.413157795546e-02       1.395431030515e+00 
       7.502076649456e-02       1.375716503937e+00 
       7.591905597901e-02       1.355475256520e+00 
       7.682658404680e-02       1.334721632540e+00 
       7.774348932164e-02       1.313478442880e+00 
       7.866991144641e-02       1.291775281259e+00 
       7.960599111532e-02       1.269647453572e+00 
       8.055187010510e-02       1.247136154472e+00 
       8.150769130499e-02       1.224290447254e+00 
       8.247359874583e-02       1.201165111361e+00 
       8.344973762818e-02       1.177821135359e+00 
       8.443625434955e-02       1.154324874378e+00 
       8.543329653080e-02       1.130743908632e+00 
       8.644101304177e-02       1.107155228468e+00 
       8.745955402611e-02       1.083629174447e+00 
       8.848907092548e-02       1.060248176828e+00 
       8.952971650301e-02       1.037093992045e+00 
       9.058164486621e-02       1.014235415208e+00 
       9.164501148926e-02       9.917574691552e-01 
       9.271997323470e-02       9.697300580245e-01 
       9.380668837471e-02       9.482258799629e-01 
       9.490531661179e-02       9.273124198699e-01 
       9.601601909906e-02       9.070533550047e-01 
       9.713895846012e-02       8.875038297032e-01 
       9.827429880848e-02       8.687135126851e-01 
       9.942220576674e-02       8.507237055833e-01 
       1.005828464852e-01       8.335653206397e-01 
       1.017563896606e-01       8.172664251172e-01 
       1.029430055541e-01       8.018372085101e-01 
       1.041428660090e-01       7.872914982268e-01 
       1.053561444692e-01       7.736285429158e-01 
       1.065830159960e-01       7.608228568862e-01 
       1.078236572858e-01       7.488584987845e-01 
       1.090782466874e-01       7.376980378956e-01 
       1.103469642191e-01       7.272972319902e-01 
       1.116299915858e-01       7.176109696534e-01 
       1.129275121960e-01       7.085696029865e-01 
       1.142397111789e-01       7.001057986712e-01 
       1.155667754017e-01       6.921391214785e-01 
       1.169088934861e-01       6.845856874640e-01 
       1.182662558264e-01       6.773552213618e-01 
       1.196390546060e-01       6.703522927215e-01 
       1.210274838156e-01       6.634826632999e-01 
       1.224317392705e-01       6.566440474853e-01 
       1.238520186286e-01       6.497364948688e-01 
       1.252885214087e-01       6.426692646396e-01 
       1.267414490090e-01       6.353511663714e-01 
       1.282110047261e-01       6.277044786964e-01 
       1.296973937738e-01       6.196569538580e-01 
       1.312008233032e-01       6.111515806526e-01 
       1.327215024229e-01       6.021401123786e-01 
       1.342596422192e-01       5.926017913777e-01 
       1.358154557778e-01       5.825206190471e-01 
       1.373891582056e-01       5.719077241194e-01 
       1.389809666527e-01       5.607844940014e-01 
       1.405911003362e-01       5.492010398777e-01 
       1.422197805639e-01       5.372082896373e-01 
       1.438672307588e-01       5.248859471207e-01 
       1.455336764851e-01       5.123184913167e-01 
       1.472193454747e-01       4.996037611244e-01 
       1.489244676542e-01       4.868486777349e-01 
       1.506492751739e-01       4.741597907040e-01 
       1.523940024374e-01       4.616465637894e-01 
       1.541588861318e-01       4.494138602310e-01 
       1.559441652603e-01       4.375633801894e-01 
       1.577500811748e-01       4.261862520744e-01 
       1.595768776109e-01       4.153595166656e-01 
       1.614248007235e-01       4.051454548666e-01 
       1.632940991242e-01       3.955933925885e-01 
       1.651850239206e-01       3.867318022939e-01 
       1.670978287563e-01       3.785709072282e-01 
       1.690327698533e-01       3.710996153750e-01 
       1.709901060561e-01       3.642912108775e-01 
       1.729700988772e-01       3.580981286542e-01 
       1.749730125450e-01       3.524558291911e-01 
       1.769991140534e-01       3.472861539011e-01 
       1.790486732134e-01       3.424988577939e-01 
       1.811219627073e-01       3.379926607183e-01 
       1.832192581444e-01       3.336609678229e-01 
       1.853408381198e-01       3.294579799513e-01 
       1.874869842752e-01       3.252174106453e-01 
       1.896579813622e-01       3.208302964204e-01 
       1.918541173084e-01       3.162087869837e-01 
       1.940756832860e-01       3.112854407667e-01 
       1.963229737836e-01       3.060122472984e-01 
       1.985962866802e-01       3.003649826008e-01 
       2.008959233230e-01       2.943450459906e-01 
       2.032221886078e-01       2.879798691162e-01 
       2.055753910632e-01       2.813167288180e-01 
       2.079558429374e-01       2.744242668644e-01 
       2.103638602891e-01       2.673858830596e-01 
       2.127997630817e-01       2.602949125219e-01 
       2.152638752817e-01       2.532480482871e-01 
       2.177565249601e-01       2.463420158251e-01 
       2.202780443990e-01       2.396660901452e-01 
       2.228287702011e-01       2.332977058179e-01 
       2.254090434047e-01       2.272964792747e-01 
       2.280192096021e-01       2.217070068871e-01 
       2.306596190635e-01       2.165525119185e-01 
       2.333306268652e-01       2.118314763967e-01 
       2.360325930228e-01       2.075258426539e-01 
       2.387658826297e-01       2.035951867735e-01 
       2.415308660008e-01       1.999834842137e-01 
       2.443279188221e-01       1.966195135377e-01 
       2.471574223053e-01       1.934235848873e-01 
       2.500197633491e-01       1.903132472866e-01 
       2.529153347059e-01       1.872054158818e-01 
       2.558445351561e-01       1.840292663799e-01 
       2.588077696876e-01       1.807240996886e-01 
       2.618054496832e-01       1.772492872493e-01 
       2.648379931147e-01       1.735864242972e-01 
       2.679058247448e-01       1.697383921180e-01 
       2.710093763364e-01       1.657322113707e-01 
       2.741490868700e-01       1.616139492104e-01 
       2.773254027698e-01       1.574433014004e-01 
       2.805387781380e-01       1.532879840261e-01 
       2.837896749985e-01       1.492183770058e-01 
       2.870785635499e-01       1.452944710508e-01 
       2.904059224287e-01       1.415688826317e-01 
       2.937722389819e-01       1.380751378857e-01 
       2.971780095512e-01       1.348289385203e-01 
       3.006237397678e-01       1.318246414507e-01 
       3.041099448594e-01       1.290403855494e-01 
       3.076371499683e-01       1.264386822644e-01 
       3.112058904834e-01       1.239708718847e-01 
       3.148167123846e-01       1.215841061292e-01 
       3.184701726018e-01       1.192266456398e-01 
       3.221668393877e-01       1.168533582113e-01 
       3.259072927062e-01       1.144306652886e-01 
       3.296921246368e-01       1.119409628248e-01 
       3.335219397954e-01       1.093794070073e-01 
       3.373973557730e-01       1.067600449473e-01 
       3.413190035922e-01       1.041049873270e-01 
       3.452875281832e-01       1.014617022882e-01 
       3.493035888805e-01       9.885254416828e-02 
       3.533678599402e-01       9.632520819290e-02 
       3.574810310796e-01       9.390970175484e-02 
       3.616438080411e-01       9.161622227060e-02 
       3.658569131797e-01       8.945437249545e-02 
       3.701210860776e-01       8.741365594096e-02 
       3.744370841855e-01       8.547705725128e-02 
       3.788056834928e-01       8.361645120984e-02 
       3.832276792291e-01       8.180080074988e-02 
       3.877038865965e-01       8.000448842087e-02 
       3.922351415374e-01       7.820406583343e-02 
       3.968223015366e-01       7.638744463628e-02 
       4.014662464627e-01       7.455722466321e-02 
       4.061678794487e-01       7.272233267890e-02 
       4.109281278153e-01       7.089424349025e-02 
       4.157479440390e-01       6.909764847263e-02 
       4.206283067682e-01       6.735225719895e-02 
       4.255702218891e-01       6.566686219315e-02 
       4.305747236455e-01       6.405071077799e-02 
       4.356428758152e-01       6.250466661460e-02 
       4.407757729469e-01       6.101954321487e-02 
       4.459745416608e-01       5.958322733718e-02 
       4.512403420176e-01       5.818095425219e-02 
       4.565743689597e-01       5.679708937009e-02 
       4.619778538296e-01       5.542440641557e-02 
       4.674520659706e-01       5.405894266538e-02 
       4.729983144152e-01       5.270326496743e-02 
       4.786179496658e-01       5.136466069249e-02 
       4.843123655771e-01       5.005233838297e-02 
       4.900830013428e-01       4.877473872247e-02 
       4.959313435977e-01       4.753746613826e-02 
       5.018589286408e-01       4.634128907663e-02 
       5.078673447889e-01       4.518261302950e-02 
       5.139582348698e-01       4.405760092623e-02 
       5.201332988649e-01       4.295659683077e-02 
       5.263942967126e-01       4.187465262130e-02 
       5.327430512839e-01       4.080801774322e-02 
       5.391814515431e-01       3.975578293058e-02 
       5.457114559079e-01       3.872185870191e-02 
       5.523350958229e-01       3.770920257706e-02 
       5.590544795656e-01       3.672150911847e-02 
       5.658717962992e-01       3.576298304264e-02 
       5.727893203957e-01       3.482867618803e-02 
       5.798094160477e-01       3.391860855862e-02 
       5.869345421942e-01       3.302956470239e-02 
       5.941672577854e-01       3.215867293878e-02 
       6.015102274153e-01       3.130384763732e-02 
       6.089662273511e-01       3.046494402780e-02 
       6.165381519963e-01       2.964316179032e-02 
       6.242290208219e-01       2.883967614710e-02 
       6.320419858086e-01       2.805578916995e-02 
       6.399803394438e-01       2.729124783415e-02 
       6.480475233247e-01       2.654530259066e-02 
       6.562471374215e-01       2.581636607977e-02 
       6.645829500611e-01       2.510289521729e-02 
       6.730589087008e-01       2.440435933130e-02 
       6.816791515639e-01       2.372037263940e-02 
       6.904480202226e-01       2.305147012346e-02 
       6.993700732192e-01       2.239819074262e-02 
       7.084501008278e-01       2.176023160604e-02 
       7.176931410726e-01       2.113702975625e-02 
       7.271044971290e-01       2.052772871572e-02 
       7.366897562509e-01       1.993186682963e-02 
       7.464548103845e-01       1.934892616179e-02 
       7.564058786476e-01       1.877881107171e-02 
       7.665495318758e-01       1.822151858706e-02 
       7.768927194631e-01       1.767720267595e-02 
       7.874427987511e-01       1.714494063015e-02 
       7.982075672563e-01       1.662482654167e-02 
       8.091952980611e-01       1.611585942837e-02 
       8.204147787371e-01       1.561844987999e-02 
       8.318753542210e-01       1.513200672873e-02 
       8.435869741170e-01       1.465688320857e-02 
       8.555602449697e-01       1.419188158830e-02 
       8.678064881238e-01       1.373754699302e-02 
       8.803378038773e-01       1.329276585507e-02 
       8.931671427361e-01       1.285855927529e-02 
       9.063083846959e-01       1.243342277021e-02 
       9.197764276151e-01       1.201831610665e-02 
       9.335872859029e-01       1.161187102558e-02 
       9.477582009319e-01       1.121469147320e-02 
       9.623077648030e-01       1.082624762868e-02 
       9.772560593440e-01       1.044644902466e-02 
       9.926248125183e-01       1.007536933948e-02 
       1.008437574768e+00       9.711580758322e-03 
       1.024719918219e+00       9.356816332468e-03 
       1.041499662143e+00       9.009083677028e-03 
       1.058807128636e+00       8.669199910430e-03 
       1.076675433082e+00       8.336000832497e-03 
       1.095140814745e+00       8.010761230563e-03 
       1.114243013653e+00       7.692646194380e-03 
       1.134025700935e+00       7.380497901813e-03 
       1.154536970844e+00       7.076476483890e-03 
       1.175829903951e+00       6.777867773900e-03 
       1.197963212297e+00       6.486372544445e-03 
       1.221001978708e+00       6.200538411262e-03 
       1.245018503825e+00       5.921468942838e-03 
       1.270093275664e+00       5.648039760805e-03 
       1.296316077311e+00       5.380043805077e-03 
       1.323787248471e+00       5.118208489962e-03 
       1.352619115275e+00       4.862132885821e-03 
       1.382937599294e+00       4.611538614914e-03 
       1.414884009678e+00       4.366401294062e-03 
       1.448617009968e+00       4.126787764940e-03 
       1.484314730877e+00       3.892824230828e-03 
       1.522176968872e+00       3.664063611623e-03 
       1.562427363744e+00       3.440579871288e-03 
       1.605315382556e+00       3.222787860884e-03 
       1.651117849518e+00       3.011032981162e-03 
       1.700139652859e+00       2.804594191416e-03 
       1.752713140873e+00       2.604810439008e-03 
       1.809195616241e+00       2.411182519067e-03 
       1.869964300367e+00       2.224482540245e-03 
       1.935408244727e+00       2.045248981384e-03 
       2.005917006535e+00       1.873253476327e-03 
       2.081866549815e+00       1.709928428224e-03 
       2.163603751007e+00       1.555270126802e-03 
       2.251431870155e+00       1.409745222646e-03 
       2.345599984142e+00       1.273875968897e-03 
       2.446299192268e+00       1.147843690895e-03 
       2.553667158520e+00       1.031313778671e-03 
       2.667800532065e+00       9.249102313500e-04 
       2.788772771882e+00       8.279525187601e-04 
       2.916653752601e+00       7.397958350457e-04 
       3.051527646917e+00       6.605240342212e-04 
       3.193506707210e+00       5.889699794273e-04 
       3.342740054858e+00       5.248636082563e-04 
       3.499417828837e+00       4.675086215719e-04 
       3.663771758611e+00       4.161884155319e-04 
       3.836073429602e+00       3.704472326934e-04 
       4.016631376685e+00       3.296713496338e-04 
       4.205787859204e+00       2.929555619504e-04 
       4.403915870707e+00       2.604229359762e-04 
       4.611416684502e+00       2.313651674136e-04 
       4.828718053069e+00       2.055751695232e-04 
       5.056273061474e+00       1.825358626221e-04 
       5.294559569174e+00       1.620743095583e-04 
       5.544080145861e+00       1.440448961668e-04 
       5.805362402476e+00       1.278689205068e-04 
       6.078959627825e+00       1.134284589291e-04 
       6.365451657051e+00       1.006597674168e-04 
       6.665445915643e+00       8.926815495806e-05 
       6.979578598736e+00       7.916831893812e-05 
       7.308515958871e+00       7.018539574095e-05 
       7.652955685608e+00       6.226384642826e-05 
       8.013628367820e+00       5.520958827395e-05 
       8.391299034496e+00       4.890802735966e-05 
       8.786768773165e+00       4.335127978221e-05 
       9.200876427114e+00       3.840436307647e-05 
       9.634500373785e+00       3.399353576182e-05 
       1.008856038755e+01       3.013809624887e-05 
       1.056401959053e+01       2.667723571833e-05 
       1.106188649541e+01       2.362419426719e-05 
       1.158321714464e+01       2.088208988727e-05 
       1.212911735042e+01       1.848270651680e-05 
       1.270074504029e+01       1.635621202831e-05 
       1.329931271320e+01       1.448568740196e-05 
       1.392609001145e+01       1.279182919798e-05 
       1.458240641371e+01       1.133013278468e-05 
       1.526965405508e+01       1.002724756534e-05 
       1.598929067994e+01       8.851237094063e-06 
       1.674284273405e+01       7.819706943133e-06 
       1.753190860235e+01       6.918169426189e-06 
       1.835816199934e+01       6.140730350077e-06 
       1.922335551925e+01       5.401768614987e-06 
       2.012932435354e+01       4.764603047516e-06 
       2.107799018356e+01       4.212066908890e-06 
       2.207136525675e+01       3.725045424646e-06 
       2.311155665480e+01       3.280527704730e-06 
       2.420077076313e+01       2.922390977443e-06 
       2.534131795091e+01       2.565885920691e-06 
       2.653561747164e+01       2.268119935598e-06 
       2.778620259471e+01       2.003286738595e-06 
       2.909572597884e+01       1.763870431783e-06 
       3.046696529871e+01       1.552176140924e-06 
       3.190282913676e+01       1.385223509103e-06 
       3.340636315269e+01       1.214047017320e-06 
       3.498075654374e+01       1.062527226519e-06 
       3.662934880937e+01       9.381350137323e-07 
       3.835563683480e+01       8.341218831691e-07 
       4.016328230839e+01       7.301801323535e-07 
       4.205611948855e+01       6.448195421793e-07 
       4.403816333670e+01       5.718172965465e-07 
       4.611361803358e+01       5.029845581549e-07 
       4.828688589688e+01       4.389552687483e-07 
       5.056257671910e+01       3.913057430247e-07 
       5.294551754558e+01       3.439136282392e-07 
       5.544076291331e+01       3.087953391253e-07 
       5.805360557225e+01       2.649687144245e-07 
       6.078958771199e+01       2.322209709718e-07 
       6.365451271747e+01       2.078643027260e-07 
       6.665445747873e+01       1.805996276518e-07 
       6.979578528082e+01       1.607864710555e-07 
       7.308515930118e+01       1.428593033033e-07 
       7.652955674311e+01       1.202224417178e-07 
       8.013628363540e+01       1.083613159123e-07 
       8.391299032933e+01       9.497427718514e-08 
       8.786768772616e+01       8.364493046337e-08 
       9.200876426928e+01       7.561081623425e-08 
       9.634500373725e+01       6.628969468045e-08 
       1.008856038753e+02       5.724695956421e-08 
       1.056401959052e+02       5.013373570747e-08 
       1.106188649541e+02       4.517907562296e-08 
       1.158321714464e+02       3.848450367749e-08 
       1.212911735042e+02       3.370565292851e-08 
       1.270074504029e+02       3.029309730889e-08 
       1.329931271320e+02       2.690366960869e-08 
       1.392609001145e+02       2.291682303645e-08 
       1.458240641371e+02       2.071983916319e-08 
       1.526965405508e+02       1.738680561677e-08 
       1.598929067994e+02       1.591516526048e-08 
       1.674284273405e+02       1.426629970816e-08 
       1.753190860235e+02       1.301301888826e-08 
       1.835816199934e+02       1.030382828219e-08 
       1.922335551925e+02       9.333071298246e-09 
       2.012932435354e+02       7.866072246060e-09 
       2.107799018356e+02       7.072709146127e-09 
       2.207136525675e+02       6.244396544857e-09 
