# Matter power spectrum P(k) at redshift z=4
# for k=1.03944e-05 to 328.769 h/Mpc,
# number of wavenumbers equal to 605
#    1:k (h/Mpc)              2:P (Mpc/h)^3        
       1.039438893066e-05       1.870901814171e+00 
       1.088426138884e-05       1.957541222483e+00 
       1.139722082470e-05       2.048192764137e+00 
       1.193435529399e-05       2.143042225934e+00 
       1.249680413092e-05       2.242284016405e+00 
       1.308576036488e-05       2.346121517811e+00 
       1.370247325102e-05       2.454767541841e+00 
       1.434825092005e-05       2.568444759303e+00 
       1.502446315298e-05       2.687386146569e+00 
       1.573254428662e-05       2.811835447569e+00 
       1.647399625600e-05       2.942047724301e+00 
       1.725039178014e-05       3.078289813007e+00 
       1.806337769805e-05       3.220840946729e+00 
       1.891467846185e-05       3.369993265794e+00 
       1.980609979461e-05       3.526052388434e+00 
       2.073953252048e-05       3.689338159163e+00 
       2.171695657542e-05       3.860185160538e+00 
       2.274044520691e-05       4.038943508855e+00 
       2.381216937154e-05       4.225979489994e+00 
       2.493440233996e-05       4.421676398047e+00 
       2.610952451876e-05       4.626435181238e+00 
       2.734002849963e-05       4.840675430930e+00 
       2.862852434649e-05       5.064836102199e+00 
       2.997774513178e-05       5.299376476907e+00 
       3.139055273368e-05       5.544777085410e+00 
       3.286994390653e-05       5.801540694339e+00 
       3.441905663736e-05       6.070193312824e+00 
       3.604117680196e-05       6.351285306704e+00 
       3.773974513469e-05       6.645392478702e+00 
       3.951836452669e-05       6.953117274543e+00 
       4.138080766818e-05       7.275089967223e+00 
       4.333102505076e-05       7.611969988207e+00 
       4.537315334696e-05       7.964447286615e+00 
       4.751152418469e-05       8.333243648421e+00 
       4.975067333520e-05       8.719114197872e+00 
       5.209535033404e-05       9.122849000507e+00 
       5.455052855549e-05       9.545274565828e+00 
       5.712141576172e-05       9.987255634740e+00 
       5.981346514918e-05       1.044969678594e+01 
       6.263238691556e-05       1.093354439957e+01 
       6.558416037185e-05       1.143978849299e+01 
       6.867504662531e-05       1.196946475033e+01 
       7.191160186009e-05       1.252365664065e+01 
       7.530069124377e-05       1.310349739632e+01 
       7.884950348932e-05       1.371017266359e+01 
       8.256556610330e-05       1.434492251365e+01 
       8.645676135275e-05       1.500904413046e+01 
       9.053134298449e-05       1.570389431557e+01 
       9.479795373245e-05       1.643089223774e+01 
       9.926564365005e-05       1.719152216588e+01 
       1.039438893066e-04       1.798733651943e+01 
       1.088426138884e-04       1.881995882863e+01 
       1.139722082470e-04       1.969108693153e+01 
       1.193435529399e-04       2.060249632966e+01 
       1.249680413092e-04       2.155604363745e+01 
       1.308576036488e-04       2.255367018754e+01 
       1.370247325102e-04       2.359740567638e+01 
       1.434825092005e-04       2.468937212273e+01 
       1.502446315298e-04       2.583178791659e+01 
       1.573254428662e-04       2.702697192659e+01 
       1.647399625600e-04       2.827734789727e+01 
       1.725039178014e-04       2.958544889921e+01 
       1.806337769805e-04       3.095392190546e+01 
       1.891467846185e-04       3.238553291003e+01 
       1.980609979461e-04       3.388317132319e+01 
       2.073953252048e-04       3.544985551537e+01 
       2.171695657542e-04       3.708873809975e+01 
       2.274044520691e-04       3.880311090891e+01 
       2.381216937154e-04       4.059641094690e+01 
       2.493440233996e-04       4.247222575628e+01 
       2.610952451876e-04       4.443429955468e+01 
       2.734002849963e-04       4.648653852688e+01 
       2.862852434649e-04       4.863301734385e+01 
       2.997774513178e-04       5.087798488563e+01 
       3.139055273368e-04       5.322587029076e+01 
       3.286994390653e-04       5.568128932137e+01 
       3.441905663736e-04       5.824904989419e+01 
       3.604117680196e-04       6.093415854813e+01 
       3.773974513469e-04       6.374182599973e+01 
       3.951836452669e-04       6.667747321260e+01 
       4.138080766818e-04       6.974673652739e+01 
       4.333102505076e-04       7.295547323360e+01 
       4.537315334696e-04       7.630976636319e+01 
       4.751152418469e-04       7.981592918790e+01 
       4.975067333520e-04       8.348050955356e+01 
       5.209535033404e-04       8.731029282388e+01 
       5.455052855549e-04       9.131230533445e+01 
       5.712141576172e-04       9.549381565233e+01 
       5.981346514918e-04       9.986233687980e+01 
       6.263238691556e-04       1.044256260192e+02 
       6.558416037185e-04       1.091916835652e+02 
       6.867504662531e-04       1.141687513805e+02 
       7.191160186009e-04       1.193653100778e+02 
       7.530069124377e-04       1.247900740455e+02 
       7.884950348932e-04       1.304519857488e+02 
       8.256556610330e-04       1.363602087327e+02 
       8.645676135275e-04       1.425241186499e+02 
       9.053134298449e-04       1.489532926239e+02 
       9.479795373245e-04       1.556574979652e+02 
       9.926564365005e-04       1.626466791040e+02 
       1.039438893066e-03       1.699309414360e+02 
       1.088426138884e-03       1.775205356046e+02 
       1.139722082470e-03       1.854258382214e+02 
       1.193435529399e-03       1.936573307070e+02 
       1.249680413092e-03       2.022255795492e+02 
       1.308576036488e-03       2.111412089168e+02 
       1.370247325102e-03       2.204140285883e+02 
       1.434825092005e-03       2.300550160883e+02 
       1.502446315298e-03       2.400751718453e+02 
       1.573254428662e-03       2.504849959779e+02 
       1.647399625600e-03       2.612948482487e+02 
       1.725039178014e-03       2.725148911533e+02 
       1.806337769805e-03       2.841550106635e+02 
       1.891467846185e-03       2.962247439479e+02 
       1.980609979461e-03       3.087331714630e+02 
       2.073953252048e-03       3.216888301078e+02 
       2.171695657542e-03       3.350995981553e+02 
       2.274044520691e-03       3.489725594920e+02 
       2.381216937154e-03       3.633139171580e+02 
       2.493440233996e-03       3.781288003152e+02 
       2.610952451876e-03       3.934212366066e+02 
       2.734002849963e-03       4.091939604286e+02 
       2.862852434649e-03       4.254483306880e+02 
       2.997774513178e-03       4.421841722572e+02 
       3.139055273368e-03       4.593995983521e+02 
       3.286994390653e-03       4.770909518848e+02 
       3.441905663736e-03       4.952524822891e+02 
       3.604117680195e-03       5.138761714888e+02 
       3.773974513465e-03       5.329515332669e+02 
       3.951836452656e-03       5.524654510139e+02 
       4.138080766772e-03       5.724017498204e+02 
       4.333102504924e-03       5.927413727427e+02 
       4.537315334212e-03       6.134618646634e+02 
       4.751152416987e-03       6.345373951434e+02 
       4.975067329150e-03       6.559383488220e+02 
       5.209535020979e-03       6.776311751322e+02 
       5.455052821463e-03       6.995776306481e+02 
       5.712141485855e-03       7.217350002421e+02 
       5.981346283567e-03       7.440569131752e+02 
       6.263238118132e-03       7.664903211032e+02 
       6.558414660732e-03       7.889780019223e+02 
       6.867501459901e-03       8.114570019409e+02 
       7.191152956917e-03       8.338581686248e+02 
       7.530053280611e-03       8.561068016405e+02 
       7.884916605419e-03       8.781217308080e+02 
       8.256486717675e-03       8.998149238698e+02 
       8.645535230472e-03       9.210918289991e+02 
       9.052857600346e-03       9.418506890138e+02 
       9.479265718748e-03       9.619812739051e+02 
       9.925575382821e-03       9.813794066065e+02 
       1.039258643002e-02       9.998976866835e+02 
       1.088105284259e-02       1.017416781910e+03 
       1.139163987327e-02       1.033798880956e+03 
       1.192486551830e-02       1.048900443089e+03 
       1.248102491445e-02       1.062573448382e+03 
       1.306009899132e-02       1.074672254369e+03 
       1.366165338319e-02       1.085059637111e+03 
       1.428474006812e-02       1.093607470270e+03 
       1.492782119053e-02       1.100210772243e+03 
       1.558873920002e-02       1.104800140179e+03 
       1.626475584650e-02       1.107344045177e+03 
       1.695267161463e-02       1.107858884992e+03 
       1.764901767707e-02       1.106406980624e+03 
       1.835029088276e-02       1.103095587637e+03 
       1.905318850021e-02       1.098069473387e+03 
       1.975480048112e-02       1.091489151379e+03 
       2.045273209079e-02       1.083543420517e+03 
       2.114515086997e-02       1.074408641679e+03 
       2.183076964945e-02       1.064255593796e+03 
       2.250878646710e-02       1.053250193480e+03 
       2.317880288945e-02       1.041536393532e+03 
       2.384073771600e-02       1.029243471879e+03 
       2.449474691512e-02       1.016487426895e+03 
       2.514115521325e-02       1.003366450220e+03 
       2.578040092737e-02       9.899656131802e+02 
       2.641299337973e-02       9.763499290143e+02 
       2.703948116953e-02       9.625984223238e+02 
       2.766042926239e-02       9.487534189363e+02 
       2.827640294929e-02       9.348698737424e+02 
       2.888795699587e-02       9.209801698930e+02 
       2.949562862076e-02       9.071296430436e+02 
       3.009993324184e-02       8.933437212420e+02 
       3.070136218621e-02       8.796575404865e+02 
       3.130038176626e-02       8.660863331408e+02 
       3.189743328477e-02       8.526623558341e+02 
       3.249293365372e-02       8.393944300003e+02 
       3.308727640171e-02       8.263034168111e+02 
       3.368083291131e-02       8.134117440766e+02 
       3.427395377618e-02       8.007240926027e+02 
       3.486697020219e-02       7.882555765337e+02 
       3.546019540218e-02       7.760216487867e+02 
       3.605392595108e-02       7.640284306338e+02 
       3.664844308127e-02       7.522814055036e+02 
       3.724401390615e-02       7.407941640800e+02 
       3.784089256619e-02       7.295757149811e+02 
       3.843932129587e-02       7.186231371735e+02 
       3.903953141241e-02       7.079475149275e+02 
       3.964174422894e-02       6.975498148736e+02 
       4.024617189616e-02       6.874362283321e+02 
       4.085301817660e-02       6.776064892392e+02 
       4.146247915621e-02       6.680607980748e+02 
       4.207474389803e-02       6.588055499380e+02 
       4.268999504240e-02       6.498348747625e+02 
       4.330840935815e-02       6.411502580889e+02 
       4.393015824890e-02       6.327506588828e+02 
       4.455540821840e-02       6.246327009980e+02 
       4.518432129829e-02       6.167943060497e+02 
       4.581705544188e-02       6.092305466600e+02 
       4.645376488673e-02       6.019362121765e+02 
       4.709460048886e-02       5.949048457708e+02 
       4.773971003119e-02       5.881324360178e+02 
       4.838923850841e-02       5.816119825827e+02 
       4.904332839040e-02       5.753335540430e+02 
       4.970211986605e-02       5.692925284734e+02 
       5.036575106931e-02       5.634726246889e+02 
       5.103435828883e-02       5.578702189353e+02 
       5.170807616278e-02       5.524718730992e+02 
       5.238703786007e-02       5.472659934701e+02 
       5.307137524905e-02       5.422390061559e+02 
       5.376121905485e-02       5.373800469281e+02 
       5.445669900625e-02       5.326773322369e+02 
       5.515794397297e-02       5.281120295793e+02 
       5.586508209412e-02       5.236694871180e+02 
       5.657824089865e-02       5.193376324555e+02 
       5.729754741823e-02       5.150986724258e+02 
       5.802312829339e-02       5.109355471600e+02 
       5.875510987328e-02       5.068330310066e+02 
       5.949361830965e-02       5.027727590373e+02 
       6.023877964542e-02       4.987410322225e+02 
       6.099071989830e-02       4.947150883965e+02 
       6.174956513981e-02       4.906823487679e+02 
       6.251544157005e-02       4.866229200622e+02 
       6.328847558851e-02       4.825212760650e+02 
       6.406879386123e-02       4.783612014407e+02 
       6.485652338457e-02       4.741268884450e+02 
       6.565179154583e-02       4.698021181107e+02 
       6.645472618088e-02       4.653746072184e+02 
       6.726545562910e-02       4.608289154006e+02 
       6.808410878579e-02       4.561538984303e+02 
       6.891081515213e-02       4.513387236933e+02 
       6.974570488294e-02       4.463741954100e+02 
       7.058890883244e-02       4.412518739246e+02 
       7.144055859792e-02       4.359668516710e+02 
       7.230078656173e-02       4.305136507243e+02 
       7.316972593145e-02       4.248908689867e+02 
       7.404751077856e-02       4.190982843365e+02 
       7.493427607550e-02       4.131376755443e+02 
       7.583015773141e-02       4.070134544497e+02 
       7.673529262646e-02       4.007317666742e+02 
       7.764981864502e-02       3.943011416235e+02 
       7.857387470754e-02       3.877325859647e+02 
       7.950760080144e-02       3.810390986418e+02 
       8.045113801083e-02       3.742352480695e+02 
       8.140462854537e-02       3.673386763701e+02 
       8.236821576807e-02       3.603667114573e+02 
       8.334204422231e-02       3.533402645896e+02 
       8.432625965800e-02       3.462801481649e+02 
       8.532100905690e-02       3.392095211239e+02 
       8.632644065732e-02       3.321515195857e+02 
       8.734270397798e-02       3.251316287399e+02 
       8.836994984135e-02       3.181701392155e+02 
       8.940833039624e-02       3.112968718405e+02 
       9.045799913992e-02       3.045321207503e+02 
       9.151911093961e-02       2.978988432414e+02 
       9.259182205350e-02       2.914220077774e+02 
       9.367629015127e-02       2.851211480819e+02 
       9.477267433417e-02       2.790144422408e+02 
       9.588113515464e-02       2.731220934116e+02 
       9.700183463561e-02       2.674581265070e+02 
       9.813493628939e-02       2.620366809567e+02 
       9.928060513623e-02       2.568670125789e+02 
       1.004390077226e-01       2.519586696600e+02 
       1.016103121392e-01       2.473163697200e+02 
       1.027946880387e-01       2.429434629689e+02 
       1.039923066533e-01       2.388380958009e+02 
       1.052033408120e-01       2.349954981802e+02 
       1.064279649578e-01       2.314112191332e+02 
       1.076663551650e-01       2.280731413403e+02 
       1.089186891558e-01       2.249691290513e+02 
       1.101851463174e-01       2.220825990940e+02 
       1.114659077190e-01       2.193945911357e+02 
       1.127611561281e-01       2.168840368387e+02 
       1.140710760282e-01       2.145265067848e+02 
       1.153958536349e-01       2.122956127718e+02 
       1.167356769134e-01       2.101634463498e+02 
       1.180907355956e-01       2.081003495206e+02 
       1.194612211971e-01       2.060756450203e+02 
       1.208473270351e-01       2.040596802619e+02 
       1.222492482458e-01       2.020203573287e+02 
       1.236671818022e-01       1.999287922094e+02 
       1.251013265331e-01       1.977582718745e+02 
       1.265518831407e-01       1.954816779301e+02 
       1.280190542205e-01       1.930775144576e+02 
       1.295030442802e-01       1.905272271293e+02 
       1.310040597595e-01       1.878164250624e+02 
       1.325223090509e-01       1.849367775393e+02 
       1.340580025204e-01       1.818839649798e+02 
       1.356113525287e-01       1.786603276112e+02 
       1.371825734541e-01       1.752731649115e+02 
       1.387718817145e-01       1.717358325513e+02 
       1.403794957916e-01       1.680669424454e+02 
       1.420056362553e-01       1.642896157689e+02 
       1.436505257884e-01       1.604311260455e+02 
       1.453143892131e-01       1.565216143503e+02 
       1.469974535181e-01       1.525944427611e+02 
       1.486999478866e-01       1.486834122645e+02 
       1.504221037252e-01       1.448235578447e+02 
       1.521641546947e-01       1.410468142150e+02 
       1.539263367410e-01       1.373864643772e+02 
       1.557088881279e-01       1.338716235587e+02 
       1.575120494716e-01       1.305266188559e+02 
       1.593360637752e-01       1.273728957679e+02 
       1.611811764663e-01       1.244230978449e+02 
       1.630476354349e-01       1.216888748640e+02 
       1.649356910732e-01       1.191732656535e+02 
       1.668455963177e-01       1.168729890824e+02 
       1.687776066919e-01       1.147816677011e+02 
       1.707319803514e-01       1.128828794374e+02 
       1.727089781312e-01       1.111570283667e+02 
       1.747088635945e-01       1.095819960366e+02 
       1.767319030834e-01       1.081229400081e+02 
       1.787783657722e-01       1.067542838936e+02 
       1.808485237223e-01       1.054426667217e+02 
       1.829426519405e-01       1.041642191822e+02 
       1.850610284380e-01       1.028784216998e+02 
       1.872039342937e-01       1.015482019191e+02 
       1.893716537184e-01       1.001444681937e+02 
       1.915644741231e-01       9.864416786725e+01 
       1.937826861890e-01       9.702992992133e+01 
       1.960265839411e-01       9.529283420980e+01 
       1.982964648242e-01       9.343247794161e+01 
       2.005926297825e-01       9.145689435732e+01 
       2.029153833421e-01       8.938191692724e+01 
       2.052650336967e-01       8.723143042479e+01 
       2.076418927971e-01       8.503318737799e+01 
       2.100462764443e-01       8.281721607109e+01 
       2.124785043855e-01       8.061500296491e+01 
       2.149389004151e-01       7.845704236499e+01 
       2.174277924786e-01       7.636933256337e+01 
       2.199455127812e-01       7.437587000075e+01 
       2.224923979006e-01       7.249749221875e+01 
       2.250687889041e-01       7.074311578766e+01 
       2.276750314700e-01       6.912592681718e+01 
       2.303114760142e-01       6.764677888659e+01 
       2.329784778215e-01       6.629784281983e+01 
       2.356763971816e-01       6.507110829126e+01 
       2.384055995312e-01       6.394753398729e+01 
       2.411664556006e-01       6.290453278319e+01 
       2.439593415666e-01       6.191481478362e+01 
       2.467846392109e-01       6.095069955801e+01 
       2.496427360850e-01       5.998639342914e+01 
       2.525340256806e-01       5.899715199408e+01 
       2.554589076077e-01       5.796531995482e+01 
       2.584177877783e-01       5.687956784236e+01 
       2.614110785981e-01       5.573398811808e+01 
       2.644391991649e-01       5.452947576983e+01 
       2.675025754749e-01       5.327337801101e+01 
       2.706016406372e-01       5.197848138224e+01 
       2.737368350956e-01       5.066369144422e+01 
       2.769086068601e-01       4.935033025103e+01 
       2.801174117469e-01       4.806146094620e+01 
       2.833637136270e-01       4.681843205503e+01 
       2.866479846856e-01       4.563878698409e+01 
       2.899707056912e-01       4.453340672266e+01 
       2.933323662746e-01       4.350760696545e+01 
       2.967334652197e-01       4.255898306458e+01 
       3.001745107654e-01       4.167881125910e+01 
       3.036560209195e-01       4.085591469950e+01 
       3.071785237853e-01       4.007557262655e+01 
       3.107425579005e-01       3.932225065546e+01 
       3.143486725909e-01       3.857956720472e+01 
       3.179974283376e-01       3.783231459341e+01 
       3.216893971594e-01       3.706838205835e+01 
       3.254251630109e-01       3.628049794993e+01 
       3.292053221969e-01       3.546798858585e+01 
       3.330304838039e-01       3.463573618703e+01 
       3.369012701505e-01       3.379334831672e+01 
       3.408183172553e-01       3.295191991295e+01 
       3.447822753259e-01       3.212334142853e+01 
       3.487938092686e-01       3.131826982575e+01 
       3.528535992194e-01       3.054593495643e+01 
       3.569623410988e-01       2.981292324137e+01 
       3.611207471909e-01       2.912216972076e+01 
       3.653295467475e-01       2.847185201028e+01 
       3.695894866200e-01       2.785519760275e+01 
       3.739013319190e-01       2.726231102440e+01 
       3.782658667041e-01       2.668310382067e+01 
       3.826838947060e-01       2.610903162016e+01 
       3.871562400805e-01       2.553421717806e+01 
       3.916837481994e-01       2.495518848647e+01 
       3.962672864775e-01       2.437093097499e+01 
       4.009077452399e-01       2.378342368462e+01 
       4.056060386299e-01       2.319768548896e+01 
       4.103631055624e-01       2.262082865748e+01 
       4.151799107229e-01       2.205986528000e+01 
       4.200574456169e-01       2.151927403576e+01 
       4.249967296714e-01       2.100052300427e+01 
       4.299988113922e-01       2.050308616519e+01 
       4.350647695810e-01       2.002512058836e+01 
       4.401957146148e-01       1.956340676564e+01 
       4.453927897923e-01       1.911290871704e+01 
       4.506571727520e-01       1.866837751959e+01 
       4.559900769658e-01       1.822617921990e+01 
       4.613927533127e-01       1.778597656043e+01 
       4.668664917399e-01       1.734930366298e+01 
       4.724126230144e-01       1.691809724508e+01 
       4.780325205732e-01       1.649448396946e+01 
       4.837276024780e-01       1.608122247080e+01 
       4.894993334817e-01       1.568105195899e+01 
       4.953492272141e-01       1.529469140216e+01 
       5.012788484965e-01       1.492029265724e+01 
       5.072898157927e-01       1.455555388279e+01 
       5.133838038066e-01       1.419885831171e+01 
       5.195625462387e-01       1.384875860133e+01 
       5.258278387104e-01       1.350325266215e+01 
       5.321815418711e-01       1.316223978383e+01 
       5.386255847005e-01       1.282647544441e+01 
       5.451619680211e-01       1.249776381839e+01 
       5.517927682377e-01       1.217728525715e+01 
       5.585201413205e-01       1.186465537601e+01 
       5.653463270528e-01       1.156053468114e+01 
       5.722736535624e-01       1.126473938468e+01 
       5.793045421607e-01       1.097538325113e+01 
       5.864415125154e-01       1.069119672804e+01 
       5.936871881826e-01       1.041288396846e+01 
       6.010443025301e-01       1.013964672235e+01 
       6.085157050847e-01       9.871305083009e+00 
       6.161043683394e-01       9.608866687180e+00 
       6.238133950617e-01       9.353029415888e+00 
       6.316460261466e-01       9.103123236524e+00 
       6.396056490630e-01       8.858945284336e+00 
       6.476958069479e-01       8.620673886285e+00 
       6.559202084080e-01       8.387114560048e+00 
       6.642827380942e-01       8.158044443664e+00 
       6.727874681227e-01       7.934041157544e+00 
       6.814386704235e-01       7.714761898913e+00 
       6.902408301068e-01       7.500221488222e+00 
       6.991986599486e-01       7.290814815841e+00 
       7.083171161050e-01       7.086052811624e+00 
       7.176014151842e-01       6.885651844602e+00 
       7.270570528114e-01       6.689860463314e+00 
       7.366898238479e-01       6.497957909815e+00 
       7.465058444356e-01       6.310176655676e+00 
       7.565115760668e-01       6.127044951308e+00 
       7.667138519002e-01       5.947054721062e+00 
       7.771199055728e-01       5.771607007659e+00 
       7.877374027896e-01       5.599731261463e+00 
       7.985744760103e-01       5.431746842913e+00 
       8.096397625931e-01       5.267396730685e+00 
       8.209424468057e-01       5.106461370152e+00 
       8.324923061687e-01       4.949124092728e+00 
       8.442997626596e-01       4.795048029465e+00 
       8.563759393827e-01       4.644613766010e+00 
       8.687327233932e-01       4.497333018781e+00 
       8.813828354655e-01       4.353062069701e+00 
       8.943399077092e-01       4.212041037377e+00 
       9.076185700717e-01       4.074160040289e+00 
       9.212345469228e-01       3.938988152746e+00 
       9.352047650955e-01       3.807016609860e+00 
       9.495474749741e-01       3.677624061628e+00 
       9.642823864624e-01       3.551099047825e+00 
       9.794308219585e-01       3.427288366722e+00 
       9.950158887966e-01       3.306106922069e+00 
       1.011062674013e+00       3.187543706738e+00 
       1.027598464750e+00       3.071457551258e+00 
       1.044652998151e+00       2.957759072232e+00 
       1.062258745221e+00       2.846524714956e+00 
       1.080451233842e+00       2.737554811742e+00 
       1.099269416982e+00       2.630757994903e+00 
       1.118756093056e+00       2.526476042606e+00 
       1.138958386512e+00       2.424222034549e+00 
       1.159928297873e+00       2.324169315246e+00 
       1.181723333796e+00       2.226027571301e+00 
       1.204407229078e+00       2.129988465997e+00 
       1.228050773901e+00       2.035908917949e+00 
       1.252732760843e+00       1.943819759894e+00 
       1.278541067038e+00       1.853539678088e+00 
       1.305573887046e+00       1.765091529832e+00 
       1.333941130852e+00       1.678494693150e+00 
       1.363765998207e+00       1.593760275216e+00 
       1.395186733962e+00       1.510845255833e+00 
       1.428358557353e+00       1.429587635928e+00 
       1.463455738967e+00       1.350113375665e+00 
       1.500673769114e+00       1.272425417929e+00 
       1.540231516722e+00       1.196412622143e+00 
       1.582373214569e+00       1.122205969712e+00 
       1.627370021819e+00       1.049960334171e+00 
       1.675520809120e+00       9.795998200470e-01 
       1.727151694227e+00       9.111613939892e-01 
       1.782613751359e+00       8.449455027575e-01 
       1.842278272453e+00       7.807990457333e-01 
       1.906529046879e+00       7.191074957047e-01 
       1.975751439200e+00       6.599333356942e-01 
       2.050318654184e+00       6.036923362181e-01 
       2.130576467274e+00       5.500551129560e-01 
       2.216828677003e+00       4.996139324889e-01 
       2.309326211923e+00       4.523164689705e-01 
       2.408262725016e+00       4.084010597300e-01 
       2.513778364389e+00       3.677612396086e-01 
       2.625971450898e+00       3.304613242561e-01 
       2.744915765205e+00       2.964745381556e-01 
       2.870679913811e+00       2.655026179247e-01 
       3.003345254970e+00       2.374944992074e-01 
       3.143019916588e+00       2.122304450846e-01 
       3.289847902545e+00       1.895152864266e-01 
       3.444013548624e+00       1.691984044260e-01 
       3.605742341585e+00       1.508526814626e-01 
       3.775299353092e+00       1.345083605190e-01 
       3.952986429680e+00       1.198867975251e-01 
       4.139139007918e+00       1.067897571254e-01 
       4.334123125397e+00       9.512333312692e-02 
       4.538332943769e+00       8.475325455139e-02 
       4.752188913211e+00       7.545082108192e-02 
       4.976136586241e+00       6.715394849330e-02 
       5.210646019943e+00       5.978635327132e-02 
       5.456211674727e+00       5.317174938396e-02 
       5.713352711659e+00       4.728237069304e-02 
       5.982613598736e+00       4.204663176538e-02 
       6.264564951806e+00       3.739635015646e-02 
       6.559804553009e+00       3.323072096753e-02 
       6.868958505754e+00       2.954509664321e-02 
       7.192682498661e+00       2.625183999290e-02 
       7.531663161353e+00       2.330209628740e-02 
       7.886619502481e+00       2.071142133553e-02 
       8.258304425530e+00       1.839589603495e-02 
       8.647506321297e+00       1.632427808840e-02 
       9.055050738060e+00       1.449607545196e-02 
       9.481802131726e+00       1.287239564333e-02 
       9.928665699052e+00       1.142066008061e-02 
       1.039658929752e+01       1.013127140719e-02 
       1.088656545578e+01       8.991824134918e-03 
       1.139963347898e+01       7.957134938317e-03 
       1.193688165315e+01       7.066311049571e-03 
       1.249944955372e+01       6.267747516406e-03 
       1.308853046262e+01       5.548491235664e-03 
       1.370537389945e+01       4.925898111742e-03 
       1.435128827182e+01       4.359170305245e-03 
       1.502764365073e+01       3.864456362767e-03 
       1.573587467662e+01       3.423366915533e-03 
       1.647748360244e+01       3.035905260493e-03 
       1.725404348015e+01       2.687163676543e-03 
       1.806720149738e+01       2.379530576116e-03 
       1.891868247129e+01       2.105835825445e-03 
       1.981029250720e+01       1.866826408405e-03 
       2.074392282953e+01       1.661342783959e-03 
       2.172155379337e+01       1.453137621548e-03 
       2.274525908506e+01       1.290282629699e-03 
       2.381721012078e+01       1.143321020336e-03 
       2.493968065239e+01       1.006349328834e-03 
       2.611505159039e+01       8.964470732108e-04 
       2.734581605412e+01       7.922528318555e-04 
       2.863458466002e+01       7.001924006808e-04 
       2.998409105909e+01       6.190956038070e-04 
       3.139719773533e+01       5.452683760605e-04 
       3.287690207746e+01       4.820577462136e-04 
       3.442634273678e+01       4.258744791211e-04 
       3.604880628467e+01       3.748479023799e-04 
       3.774773418383e+01       3.338109872233e-04 
       3.952673008813e+01       2.956851427771e-04 
       4.138956748638e+01       2.580877991588e-04 
       4.334019770647e+01       2.292601264807e-04 
       4.538275829662e+01       1.996877290476e-04 
       4.752158180168e+01       1.792186535069e-04 
       4.976120495308e+01       1.583714044180e-04 
       5.210637829178e+01       1.394218880031e-04 
       5.456207624486e+01       1.228260625461e-04 
       5.713350767692e+01       1.094396604643e-04 
       5.982612693879e+01       9.744259279505e-05 
       6.264564543692e+01       8.343389209490e-05 
       6.559804374808e+01       7.477980638179e-05 
       6.868958430490e+01       6.597355161897e-05 
       7.192682467941e+01       5.800091297811e-05 
       7.531663149247e+01       5.129123524770e-05 
       7.886619497879e+01       4.480114738203e-05 
       8.258304423844e+01       3.986937795597e-05 
       8.647506320702e+01       3.507902876924e-05 
       9.055050737858e+01       3.087403087835e-05 
       9.481802131660e+01       2.755522047599e-05 
       9.928665699031e+01       2.398285420913e-05 
       1.039658929751e+02       2.132001267439e-05 
       1.088656545578e+02       1.870873831874e-05 
       1.139963347897e+02       1.633861821849e-05 
       1.193688165315e+02       1.386644254128e-05 
       1.249944955372e+02       1.308377774822e-05 
       1.308853046262e+02       1.093279308260e-05 
       1.370537389945e+02       9.856662950605e-06 
       1.435128827182e+02       8.883730112271e-06 
       1.502764365073e+02       7.611796844756e-06 
       1.573587467662e+02       6.429222996904e-06 
       1.647748360244e+02       5.882429539798e-06 
       1.725404348015e+02       5.334502354575e-06 
       1.806720149738e+02       4.518133064236e-06 
       1.891868247129e+02       3.712179980947e-06 
       1.981029250720e+02       3.481492296865e-06 
       2.074392282953e+02       3.017250693237e-06 
       2.172155379337e+02       2.700678806052e-06 
       2.274525908506e+02       2.123807325758e-06 
       2.381721012078e+02       1.991172140381e-06 
       2.493968065239e+02       1.747173486387e-06 
       2.611505159039e+02       1.390904942471e-06 
       2.734581605412e+02       1.232089165587e-06 
       2.863458466002e+02       1.222143563650e-06 
       2.998409105909e+02       8.336914395609e-07 
       3.139719773533e+02       8.825433806348e-07 
       3.287690207746e+02       8.213895361268e-07 
