# Matter power spectrum P(k) at redshift z=99
# for k=1.0969e-05 to 218.908 h/Mpc,
# number of wavenumbers equal to 595
#    1:k (h/Mpc)              2:P (Mpc/h)^3        
       1.096904831099e-05       5.850973689514e-03 
       1.148600363139e-05       6.115558660588e-03 
       1.202732230544e-05       6.392107806666e-03 
       1.259415254264e-05       6.681162945936e-03 
       1.318769666591e-05       6.983289246055e-03 
       1.380921366191e-05       7.299077885851e-03 
       1.446002185152e-05       7.629148153466e-03 
       1.514150168616e-05       7.974142791881e-03 
       1.585509867594e-05       8.334738139471e-03 
       1.660232645574e-05       8.711639710670e-03 
       1.738476999587e-05       9.105583465584e-03 
       1.820408896397e-05       9.517344562822e-03 
       1.906202124544e-05       9.947723958091e-03 
       1.996038662965e-05       1.039756362026e-02 
       2.090109067004e-05       1.086774839165e-02 
       2.188612872600e-05       1.135919326661e-02 
       2.291759019531e-05       1.187286133735e-02 
       2.399766294604e-05       1.240975750964e-02 
       2.512863795730e-05       1.297093221700e-02 
       2.631291417873e-05       1.355748320945e-02 
       2.755300361896e-05       1.417055717453e-02 
       2.885153667396e-05       1.481135474978e-02 
       3.021126770644e-05       1.548112856694e-02 
       3.163508088822e-05       1.618118920638e-02 
       3.312599631796e-05       1.691290617057e-02 
       3.468717642716e-05       1.767771085348e-02 
       3.632193268816e-05       1.847709925390e-02 
       3.803373263815e-05       1.931263566164e-02 
       3.982620723435e-05       2.018595337231e-02 
       4.170315855567e-05       2.109876119706e-02 
       4.366856786754e-05       2.205284410865e-02 
       4.572660406660e-05       2.305006933541e-02 
       4.788163252356e-05       2.409238689998e-02 
       5.013822434270e-05       2.518183550930e-02 
       5.250116605782e-05       2.632054589005e-02 
       5.497546978510e-05       2.751074539168e-02 
       5.756638385449e-05       2.875476153752e-02 
       6.027940394210e-05       3.005502718694e-02 
       6.312028472726e-05       3.141408527468e-02 
       6.609505209902e-05       3.283459338638e-02 
       6.921001593779e-05       3.431932914430e-02 
       7.247178349952e-05       3.587119577026e-02 
       7.588727343051e-05       3.749322799001e-02 
       7.946373044283e-05       3.918859710983e-02 
       8.320874068131e-05       4.096061627958e-02 
       8.713024781476e-05       4.281275027855e-02 
       9.123656988559e-05       4.474862063105e-02 
       9.553641695344e-05       4.677200972848e-02 
       1.000389095704e-04       4.888687243589e-02 
       1.047535981271e-04       5.109734114768e-02 
       1.096904831099e-04       5.340773601360e-02 
       1.148600363139e-04       5.582256981047e-02 
       1.202732230545e-04       5.834655966237e-02 
       1.259415254264e-04       6.098463591461e-02 
       1.318769666591e-04       6.374195004842e-02 
       1.380921366191e-04       6.662388668237e-02 
       1.446002185152e-04       6.963606969066e-02 
       1.514150168616e-04       7.278437908507e-02 
       1.585509867594e-04       7.607495738365e-02 
       1.660232645574e-04       7.951422376673e-02 
       1.738476999587e-04       8.310888498998e-02 
       1.820408896397e-04       8.686594963479e-02 
       1.906202124544e-04       9.079273968314e-02 
       1.996038662965e-04       9.489690500733e-02 
       2.090109067004e-04       9.918643784720e-02 
       2.188612872600e-04       1.036696878469e-01 
       2.291759019531e-04       1.083553767965e-01 
       2.399766294604e-04       1.132526164486e-01 
       2.512863795730e-04       1.183709233978e-01 
       2.631291417873e-04       1.237202380734e-01 
       2.755300361896e-04       1.293109413891e-01 
       2.885153667396e-04       1.351538742169e-01 
       3.021126770644e-04       1.412603579896e-01 
       3.163508088822e-04       1.476422120404e-01 
       3.312599631796e-04       1.543117779625e-01 
       3.468717642716e-04       1.612819358124e-01 
       3.632193268816e-04       1.685661314745e-01 
       3.803373263815e-04       1.761783994075e-01 
       3.982620723435e-04       1.841333803109e-01 
       4.170315855568e-04       1.924463513480e-01 
       4.366856786754e-04       2.011332459458e-01 
       4.572660406660e-04       2.102106862998e-01 
       4.788163252356e-04       2.196959969790e-01 
       5.013822434270e-04       2.296072425755e-01 
       5.250116605782e-04       2.399632486239e-01 
       5.497546978510e-04       2.507836258587e-01 
       5.756638385449e-04       2.620888038117e-01 
       6.027940394210e-04       2.739000499099e-01 
       6.312028472726e-04       2.862394975382e-01 
       6.609505209902e-04       2.991301766183e-01 
       6.921001593779e-04       3.125960270376e-01 
       7.247178349952e-04       3.266619371907e-01 
       7.588727343051e-04       3.413537551074e-01 
       7.946373044283e-04       3.566983112946e-01 
       8.320874068131e-04       3.727234391870e-01 
       8.713024781476e-04       3.894579875260e-01 
       9.123656988559e-04       4.069318292872e-01 
       9.553641695344e-04       4.251758871268e-01 
       1.000389095704e-03       4.442221023277e-01 
       1.047535981271e-03       4.641034580405e-01 
       1.096904831099e-03       4.848539608830e-01 
       1.148600363139e-03       5.065086229634e-01 
       1.202732230545e-03       5.291034249103e-01 
       1.259415254264e-03       5.526752817594e-01 
       1.318769666591e-03       5.772619981819e-01 
       1.380921366191e-03       6.029021778410e-01 
       1.446002185152e-03       6.296351638160e-01 
       1.514150168616e-03       6.575009209054e-01 
       1.585509867594e-03       6.865399021187e-01 
       1.660232645574e-03       7.167929044151e-01 
       1.738476999587e-03       7.483009323999e-01 
       1.820408896397e-03       7.811048584763e-01 
       1.906202124544e-03       8.152453513544e-01 
       1.996038662965e-03       8.507624617498e-01 
       2.090109067004e-03       8.876953450867e-01 
       2.188612872600e-03       9.260818735393e-01 
       2.291759019531e-03       9.659582446580e-01 
       2.399766294604e-03       1.007358455470e+00 
       2.512863795730e-03       1.050313804792e+00 
       2.631291417873e-03       1.094852259895e+00 
       2.755300361896e-03       1.140997847710e+00 
       2.885153667396e-03       1.188769863344e+00 
       3.021126770644e-03       1.238182152019e+00 
       3.163508088822e-03       1.289242163368e+00 
       3.312599631796e-03       1.341950164558e+00 
       3.468717642716e-03       1.396298101771e+00 
       3.632193268816e-03       1.452268830362e+00 
       3.803373263814e-03       1.509834872083e+00 
       3.982620723431e-03       1.568957329231e+00 
       4.170315855554e-03       1.629585044327e+00 
       4.366856786707e-03       1.691653570804e+00 
       4.572660406506e-03       1.755084090920e+00 
       4.788163251864e-03       1.819782611301e+00 
       5.013822432762e-03       1.885639585645e+00 
       5.250116601328e-03       1.952527819615e+00 
       5.497546965834e-03       2.020307922548e+00 
       5.756638350631e-03       2.088817858097e+00 
       6.027940301843e-03       2.157883304213e+00 
       6.312028235853e-03       2.227313690031e+00 
       6.609504622134e-03       2.296903792739e+00 
       6.921000181360e-03       2.366434115150e+00 
       7.247175060160e-03       2.435674274019e+00 
       7.588719909568e-03       2.504382107140e+00 
       7.946356736254e-03       2.572306637347e+00 
       8.320839302068e-03       2.639188112920e+00 
       8.712952702774e-03       2.704759864243e+00 
       9.123511543240e-03       2.768746450950e+00 
       9.553355826116e-03       2.830864355669e+00 
       1.000334327259e-02       2.890817912258e+00 
       1.047433630144e-02       2.948298599005e+00 
       1.096718134364e-02       3.002978690695e+00 
       1.148267766018e-02       3.054508466550e+00 
       1.202153254843e-02       3.102517289301e+00 
       1.258430008717e-02       3.146604262010e+00 
       1.317130184694e-02       3.186355677865e+00 
       1.378253084068e-02       3.221343278602e+00 
       1.441754485614e-02       3.251151999935e+00 
       1.507536209159e-02       3.275401034034e+00 
       1.575437942368e-02       3.293784140968e+00 
       1.645233873034e-02       3.306090518820e+00 
       1.716636530373e-02       3.312247087896e+00 
       1.789309116626e-02       3.312328017847e+00 
       1.862885571852e-02       3.306557596136e+00 
       1.936995326311e-02       3.295294524164e+00 
       2.011288192339e-02       3.278993847972e+00 
       2.085454900126e-02       3.258173938696e+00 
       2.159240335812e-02       3.233389898805e+00 
       2.232448768201e-02       3.205177442978e+00 
       2.304942252117e-02       3.174056704883e+00 
       2.376634395220e-02       3.140507384799e+00 
       2.447481770068e-02       3.104940113690e+00 
       2.517474787071e-02       3.067755854820e+00 
       2.586629197025e-02       3.029265185635e+00 
       2.654978813385e-02       2.989754349267e+00 
       2.722569633342e-02       2.949481446813e+00 
       2.789455293640e-02       2.908649715929e+00 
       2.855693681082e-02       2.867423690445e+00 
       2.921344482475e-02       2.825988039457e+00 
       2.986467467311e-02       2.784461055192e+00 
       3.051121324598e-02       2.742953812429e+00 
       3.115362908813e-02       2.701584193593e+00 
       3.179246781784e-02       2.660438057403e+00 
       3.242824964662e-02       2.619576630061e+00 
       3.306146836151e-02       2.579103599809e+00 
       3.369259130286e-02       2.539078230596e+00 
       3.432206000051e-02       2.499542725068e+00 
       3.495029122750e-02       2.460551604268e+00 
       3.557767830186e-02       2.422145993661e+00 
       3.620459251805e-02       2.384355551891e+00 
       3.683138462739e-02       2.347221426026e+00 
       3.745838631308e-02       2.310755915343e+00 
       3.808591162448e-02       2.274972449301e+00 
       3.871425834856e-02       2.239912029480e+00 
       3.934370930598e-02       2.205594020359e+00 
       3.997453356526e-02       2.172036934633e+00 
       4.060698757339e-02       2.139259739724e+00 
       4.124131620360e-02       2.107286355292e+00 
       4.187775372335e-02       2.076116995548e+00 
       4.251652468637e-02       2.045779778444e+00 
       4.315784475339e-02       2.016278883919e+00 
       4.380192144653e-02       1.987614373958e+00 
       4.444895484213e-02       1.959806672221e+00 
       4.509913820710e-02       1.932842299582e+00 
       4.575265858315e-02       1.906736557933e+00 
       4.640969732355e-02       1.881469880988e+00 
       4.707043058632e-02       1.857054738914e+00 
       4.773502978774e-02       1.833472932643e+00 
       4.840366201971e-02       1.810707432968e+00 
       4.907649043405e-02       1.788746893280e+00 
       4.975367459674e-02       1.767559222139e+00 
       5.043537081486e-02       1.747165373371e+00 
       5.112173243845e-02       1.727491930367e+00 
       5.181291013972e-02       1.708546012348e+00 
       5.250905217143e-02       1.690280665439e+00 
       5.321030460638e-02       1.672677615104e+00 
       5.391681155968e-02       1.655692646313e+00 
       5.462871539508e-02       1.639298454181e+00 
       5.534615691701e-02       1.623462695557e+00 
       5.606927554935e-02       1.608141470784e+00 
       5.679820950211e-02       1.593299525151e+00 
       5.753309592701e-02       1.578894249703e+00 
       5.827407106296e-02       1.564888367410e+00 
       5.902127037216e-02       1.551242501780e+00 
       5.977482866757e-02       1.537912418417e+00 
       6.053488023263e-02       1.524844507178e+00 
       6.130155893359e-02       1.512001769708e+00 
       6.207499832521e-02       1.499339902713e+00 
       6.285533175027e-02       1.486807846455e+00 
       6.364269243341e-02       1.474354842895e+00 
       6.443721356965e-02       1.461943064869e+00 
       6.523902840810e-02       1.449516854144e+00 
       6.604827033112e-02       1.437036157440e+00 
       6.686507292931e-02       1.424450289202e+00 
       6.768957007262e-02       1.411714972298e+00 
       6.852189597788e-02       1.398784785282e+00 
       6.936218527295e-02       1.385619277540e+00 
       7.021057305780e-02       1.372174445880e+00 
       7.106719496263e-02       1.358413667044e+00 
       7.193218720333e-02       1.344299723611e+00 
       7.280568663443e-02       1.329798101016e+00 
       7.368783079963e-02       1.314887814499e+00 
       7.457875798024e-02       1.299537092327e+00 
       7.547860724140e-02       1.283732806296e+00 
       7.638751847653e-02       1.267462738658e+00 
       7.730563244986e-02       1.250719821736e+00 
       7.823309083734e-02       1.233505218582e+00 
       7.917003626588e-02       1.215828644857e+00 
       8.011661235116e-02       1.197701760969e+00 
       8.107296373400e-02       1.179146206977e+00 
       8.203923611538e-02       1.160187024052e+00 
       8.301557629029e-02       1.140855614184e+00 
       8.400213218032e-02       1.121185127683e+00 
       8.499905286519e-02       1.101219160719e+00 
       8.600648861320e-02       1.081002528534e+00 
       8.702459091074e-02       1.060586383524e+00 
       8.805351249081e-02       1.040019897934e+00 
       8.909340736074e-02       1.019374084248e+00 
       9.014443082896e-02       9.986983998496e-01 
       9.120673953112e-02       9.780704791528e-01 
       9.228049145540e-02       9.575528274855e-01 
       9.336584596711e-02       9.372203859959e-01 
       9.446296383264e-02       9.171400433561e-01 
       9.557200724288e-02       8.973788886291e-01 
       9.669313983590e-02       8.780061088060e-01 
       9.782652671922e-02       8.590802564603e-01 
       9.897233449153e-02       8.406600518091e-01 
       1.001307312639e-01       8.227996684739e-01 
       1.013018866804e-01       8.055444884927e-01 
       1.024859719390e-01       7.889409826565e-01 
       1.036831598108e-01       7.730256555320e-01 
       1.048936246604e-01       7.578310885928e-01 
       1.061175424646e-01       7.433805770680e-01 
       1.073550908320e-01       7.296894902672e-01 
       1.086064490212e-01       7.167673290100e-01 
       1.098717979600e-01       7.046068685982e-01 
       1.111513202630e-01       6.932005880444e-01 
       1.124452002505e-01       6.825209018678e-01 
       1.137536239660e-01       6.725462755272e-01 
       1.150767791943e-01       6.632339100577e-01 
       1.164148554796e-01       6.545401651024e-01 
       1.177680441428e-01       6.464129130203e-01 
       1.191365383000e-01       6.387903107080e-01 
       1.205205328796e-01       6.316072583284e-01 
       1.219202246406e-01       6.247900366539e-01 
       1.233358121908e-01       6.182566874373e-01 
       1.247674960041e-01       6.119232388593e-01 
       1.262154784397e-01       6.057045674744e-01 
       1.276799637599e-01       5.995125622761e-01 
       1.291611581492e-01       5.932630209727e-01 
       1.306592697330e-01       5.868738303944e-01 
       1.321745085970e-01       5.802701798997e-01 
       1.337070868071e-01       5.733769784246e-01 
       1.352572184290e-01       5.661373288201e-01 
       1.368251195489e-01       5.584942002132e-01 
       1.384110082948e-01       5.504093678388e-01 
       1.400151048573e-01       5.418568096373e-01 
       1.416376315125e-01       5.328278612151e-01 
       1.432788126441e-01       5.233289086597e-01 
       1.449388747672e-01       5.133831344236e-01 
       1.466180465522e-01       5.030269372059e-01 
       1.483165588498e-01       4.923111177088e-01 
       1.500346447167e-01       4.812997762602e-01 
       1.517725394423e-01       4.700680256367e-01 
       1.535304805762e-01       4.587022091897e-01 
       1.553087079567e-01       4.472950598551e-01 
       1.571074637407e-01       4.359427398585e-01 
       1.589269924342e-01       4.247412968632e-01 
       1.607675409244e-01       4.137834401267e-01 
       1.626293585127e-01       4.031569390588e-01 
       1.645126969494e-01       3.929414591762e-01 
       1.664178104695e-01       3.832082935019e-01 
       1.683449558301e-01       3.740149082666e-01 
       1.702943923491e-01       3.654039947762e-01 
       1.722663819457e-01       3.574020740726e-01 
       1.742611891826e-01       3.500178969463e-01 
       1.762790813099e-01       3.432431348484e-01 
       1.783203283105e-01       3.370544076772e-01 
       1.803852029478e-01       3.314115115291e-01 
       1.824739808153e-01       3.262591688717e-01 
       1.845869403884e-01       3.215276312261e-01 
       1.867243630778e-01       3.171354295075e-01 
       1.888865332854e-01       3.129941536929e-01 
       1.910737384634e-01       3.090104344815e-01 
       1.932862691740e-01       3.051216595549e-01 
       1.955244191537e-01       3.012260069943e-01 
       1.977884853783e-01       2.972086854373e-01 
       2.000787681320e-01       2.929898828836e-01 
       2.023955710787e-01       2.885056380116e-01 
       2.047392013365e-01       2.837108078564e-01 
       2.071099695544e-01       2.785813498357e-01 
       2.095081899940e-01       2.731161013766e-01 
       2.119341806119e-01       2.673371104616e-01 
       2.143882631479e-01       2.612893198141e-01 
       2.168707632153e-01       2.550363363377e-01 
       2.193820103951e-01       2.486544511290e-01 
       2.219223383340e-01       2.422276898060e-01 
       2.244920848465e-01       2.358422605419e-01 
       2.270915920209e-01       2.295831535824e-01 
       2.297212063293e-01       2.235275949541e-01 
       2.323812787420e-01       2.177418066147e-01 
       2.350721648469e-01       2.122787911426e-01 
       2.377942249726e-01       2.071764073167e-01 
       2.405478243169e-01       2.024569486124e-01 
       2.433333330804e-01       1.981233587029e-01 
       2.461511266052e-01       1.941614485344e-01 
       2.490015855182e-01       1.905380513597e-01 
       2.518850958811e-01       1.872037500932e-01 
       2.548020493455e-01       1.840933638746e-01 
       2.577528433139e-01       1.811362149745e-01 
       2.607378811073e-01       1.782554889221e-01 
       2.637575721387e-01       1.753767115951e-01 
       2.668123320937e-01       1.724371420607e-01 
       2.699025831178e-01       1.693834792644e-01 
       2.730287540109e-01       1.661818127957e-01 
       2.761912804292e-01       1.628165216970e-01 
       2.793906050948e-01       1.592909390582e-01 
       2.826271780137e-01       1.556261887677e-01 
       2.859014567017e-01       1.518595513328e-01 
       2.892139064192e-01       1.480428470056e-01 
       2.925650004150e-01       1.442353951095e-01 
       2.959552201797e-01       1.404997384082e-01 
       2.993850557086e-01       1.368944714653e-01 
       3.028550057750e-01       1.334673898450e-01 
       3.063655782144e-01       1.302502279619e-01 
       3.099172902189e-01       1.272554819040e-01 
       3.135106686447e-01       1.244776780134e-01 
       3.171462503301e-01       1.218948621029e-01 
       3.208245824271e-01       1.194742530459e-01 
       3.245462227460e-01       1.171742522018e-01 
       3.283117401135e-01       1.149503784365e-01 
       3.321217147457e-01       1.127572257341e-01 
       3.359767386358e-01       1.105528813507e-01 
       3.398774159576e-01       1.083061119461e-01 
       3.438243634858e-01       1.059975903635e-01 
       3.478182110334e-01       1.036242082603e-01 
       3.518596019074e-01       1.011995935120e-01 
       3.559491933834e-01       9.874852789489e-02 
       3.600876572003e-01       9.630254400057e-02 
       3.642756800760e-01       9.389515885597e-02 
       3.685139642453e-01       9.155662837109e-02 
       3.728032280205e-01       8.931176153723e-02 
       3.771442063771e-01       8.717867858282e-02 
       3.815376515643e-01       8.516379684418e-02 
       3.859843337434e-01       8.326138829421e-02 
       3.904850416542e-01       8.145405320716e-02 
       3.950405833110e-01       7.971541149886e-02 
       3.996517867313e-01       7.801729022450e-02 
       4.043195006967e-01       7.633550999575e-02 
       4.090445955496e-01       7.465273015427e-02 
       4.138279640274e-01       7.295985892783e-02 
       4.186705221354e-01       7.125483745541e-02 
       4.235732100615e-01       6.954382901512e-02 
       4.285369931351e-01       6.784054160410e-02 
       4.335628628325e-01       6.616367806611e-02 
       4.386518378313e-01       6.453205762324e-02 
       4.438049651176e-01       6.295810199475e-02 
       4.490233211485e-01       6.144698812134e-02 
       4.543080130732e-01       5.999684638851e-02 
       4.596601800167e-01       5.860193581421e-02 
       4.650809944303e-01       5.725244111441e-02 
       4.705716635122e-01       5.593531647109e-02 
       4.761334307032e-01       5.463670965252e-02 
       4.817675772629e-01       5.334691998469e-02 
       4.874754239302e-01       5.206396299834e-02 
       4.932583326751e-01       5.079162738063e-02 
       4.991177085474e-01       4.953608718114e-02 
       5.050550016280e-01       4.830360099076e-02 
       5.110717090915e-01       4.710157823247e-02 
       5.171693773858e-01       4.593634026180e-02 
       5.233496045382e-01       4.481004651676e-02 
       5.296140425967e-01       4.371856880532e-02 
       5.359644002153e-01       4.265537393734e-02 
       5.424024453948e-01       4.161513013126e-02 
       5.489300083895e-01       4.059379517062e-02 
       5.555489847921e-01       3.958739556900e-02 
       5.622613388112e-01       3.859396515836e-02 
       5.690691067536e-01       3.761655662705e-02 
       5.759744007296e-01       3.665976374566e-02 
       5.829794125966e-01       3.572610910584e-02 
       5.900864181604e-01       3.481596658152e-02 
       5.972977816540e-01       3.393013401397e-02 
       6.046159605169e-01       3.306777040282e-02 
       6.120435104986e-01       3.222463173257e-02 
       6.195830911125e-01       3.139736854605e-02 
       6.272374714700e-01       3.058578768252e-02 
       6.350095365264e-01       2.978972306375e-02 
       6.429022937736e-01       2.900866380323e-02 
       6.509188804177e-01       2.824437185221e-02 
       6.590625710844e-01       2.749890388884e-02 
       6.673367860990e-01       2.677111096021e-02 
       6.757451003909e-01       2.605982666834e-02 
       6.842912530819e-01       2.536503834036e-02 
       6.929791578186e-01       2.468474939663e-02 
       7.018129139205e-01       2.401751244148e-02 
       7.107968184185e-01       2.336464219755e-02 
       7.199353790728e-01       2.272583177342e-02 
       7.292333284610e-01       2.210064268568e-02 
       7.386956392462e-01       2.149036857748e-02 
       7.483275407403e-01       2.089371189724e-02 
       7.581345368956e-01       2.030962919608e-02 
       7.681224258715e-01       1.973864562295e-02 
       7.782973213408e-01       1.917926886531e-02 
       7.886656757211e-01       1.863188800770e-02 
       7.992343055379e-01       1.809687400760e-02 
       8.100104191535e-01       1.757305684106e-02 
       8.210016471248e-01       1.706128451095e-02 
       8.322160754854e-01       1.656025372838e-02 
       8.436622822901e-01       1.606998427357e-02 
       8.553493777980e-01       1.559040191389e-02 
       8.672870487287e-01       1.512077313037e-02 
       8.794856070782e-01       1.466178382347e-02 
       8.919560440529e-01       1.421224789127e-02 
       9.047100897573e-01       1.377284286952e-02 
       9.177602793592e-01       1.334238304425e-02 
       9.311200265643e-01       1.292151977788e-02 
       9.448037053502e-01       1.250929512100e-02 
       9.588267410536e-01       1.210627082329e-02 
       9.732057120658e-01       1.171150159402e-02 
       9.879584635853e-01       1.132544503689e-02 
       1.003104235097e+00       1.094727454322e-02 
       1.018663803508e+00       1.057730349887e-02 
       1.034659644180e+00       1.021506552246e-02 
       1.051116112430e+00       9.860333528097e-03 
       1.068059648533e+00       9.513214223664e-03 
       1.085519009674e+00       9.173108260013e-03 
       1.103525532937e+00       8.840105835275e-03 
       1.122113434006e+00       8.514069878714e-03 
       1.141320147063e+00       8.194619825742e-03 
       1.161186712200e+00       7.881689188701e-03 
       1.181758217703e+00       7.575236258979e-03 
       1.203084305656e+00       7.275030156052e-03 
       1.225219750619e+00       6.980861637613e-03 
       1.248225122457e+00       6.692600766073e-03 
       1.272167545910e+00       6.410134387349e-03 
       1.297121570873e+00       6.133329046583e-03 
       1.323170168729e+00       5.862033146919e-03 
       1.350405870962e+00       5.596120674142e-03 
       1.378932066500e+00       5.335483167340e-03 
       1.408864473114e+00       5.080025079423e-03 
       1.440332794887e+00       4.829668626829e-03 
       1.473482570981e+00       4.584319548496e-03 
       1.508477208804e+00       4.343938845109e-03 
       1.545500174671e+00       4.108564748449e-03 
       1.584757283820e+00       3.878084924836e-03 
       1.626478985044e+00       3.652603043236e-03 
       1.670922469119e+00       3.432137851712e-03 
       1.718373341237e+00       3.216890468141e-03 
       1.769146486669e+00       3.007011242976e-03 
       1.823585634966e+00       2.802716268629e-03 
       1.882061016189e+00       2.604307027373e-03 
       1.944964451729e+00       2.412188096836e-03 
       2.012701309284e+00       2.226802855532e-03 
       2.085679072733e+00       2.048643682324e-03 
       2.164292910656e+00       1.878236005773e-03 
       2.248909558865e+00       1.716149684232e-03 
       2.339851868790e+00       1.562889159236e-03 
       2.437387107706e+00       1.418907966457e-03 
       2.541722026674e+00       1.284513654580e-03 
       2.653006540240e+00       1.159872257849e-03 
       2.771345811192e+00       1.044975633625e-03 
       2.896818376356e+00       9.396522670420e-04 
       3.029496605655e+00       8.435631308821e-04 
       3.169465753203e+00       7.562532053598e-04 
       3.316838942240e+00       6.771885119918e-04 
       3.471766970449e+00       6.057727483323e-04 
       3.634443173879e+00       5.414034958359e-04 
       3.805104403104e+00       4.834779805112e-04 
       3.984029433293e+00       4.314125743455e-04 
       4.171536022243e+00       3.846641946245e-04 
       4.367977546024e+00       3.427233084557e-04 
       4.573739825701e+00       3.051201792079e-04 
       4.789238487465e+00       2.714305961092e-04 
       5.014916998530e+00       2.412649822225e-04 
       5.251245390555e+00       2.142715480852e-04 
       5.498719607936e+00       1.901325919423e-04 
       5.757861384481e+00       1.685612621506e-04 
       6.029218544837e+00       1.493022195696e-04 
       6.313365635473e+00       1.320797573451e-04 
       6.610904806061e+00       1.166739484513e-04 
       6.922466880298e+00       1.029415190306e-04 
       7.248712572246e+00       9.074330663469e-05 
       7.590333818664e+00       7.994120245493e-05 
       7.948055208895e+00       7.038987920228e-05 
       8.322635501907e+00       6.194167531353e-05 
       8.714869225646e+00       5.445986291502e-05 
       9.125588357423e+00       4.783552871369e-05 
       9.555664086357e+00       4.198732714423e-05 
       1.000600866025e+01       3.684041987812e-05 
       1.047757732014e+01       3.231360840005e-05 
       1.097137032631e+01       2.831865861994e-05 
       1.148843507991e+01       2.476900437784e-05 
       1.202986834461e+01       2.162499693266e-05 
       1.259681857293e+01       1.887109111784e-05 
       1.319048834233e+01       1.648851977477e-05 
       1.381213690599e+01       1.443239578058e-05 
       1.446308286385e+01       1.263564668851e-05 
       1.514470695956e+01       1.104853235334e-05 
       1.585845500922e+01       9.656518495832e-06 
       1.660584096814e+01       8.452120896018e-06 
       1.738845014213e+01       7.407125235536e-06 
       1.820794255018e+01       6.493992556664e-06 
       1.906605644557e+01       5.701212940657e-06 
       1.996461200290e+01       5.011442889329e-06 
       2.090551517900e+01       4.403527422242e-06 
       2.189076175564e+01       3.876639466462e-06 
       2.292244157292e+01       3.421203310193e-06 
       2.400274296203e+01       3.018988622529e-06 
       2.513395738707e+01       2.664869468215e-06 
       2.631848430549e+01       2.354989913546e-06 
       2.755883625771e+01       2.081483346792e-06 
       2.885764419651e+01       1.841843336655e-06 
       3.021766306766e+01       1.630046550002e-06 
       3.164177765353e+01       1.441846783476e-06 
       3.313300869209e+01       1.275261745439e-06 
       3.469451928431e+01       1.128285922117e-06 
       3.632962160350e+01       9.972014077643e-07 
       3.804178392091e+01       8.811319168440e-07 
       3.983463796237e+01       7.782546768493e-07 
       4.171198661167e+01       6.869284205189e-07 
       4.367781197700e+01       6.058366815246e-07 
       4.573628383751e+01       5.344329467501e-07 
       4.789176848802e+01       4.710562016750e-07 
       5.014883800045e+01       4.148557375478e-07 
       5.251227992185e+01       3.658968426813e-07 
       5.498710742941e+01       3.223943136967e-07 
       5.757856996408e+01       2.840726551019e-07 
       6.029216436533e+01       2.503198871651e-07 
       6.313364653071e+01       2.205623737644e-07 
       6.610904362487e+01       1.943666879928e-07 
       6.922466686394e+01       1.712590348658e-07 
       7.248712490254e+01       1.511662860539e-07 
       7.590333785159e+01       1.332803008760e-07 
       7.948055195675e+01       1.173449335887e-07 
       8.322635496875e+01       1.031537502417e-07 
       8.714869223800e+01       9.113230016888e-08 
       9.125588356771e+01       8.014119930432e-08 
       9.555664086136e+01       7.042758805818e-08 
       1.000600866018e+02       6.198251901265e-08 
       1.047757732012e+02       5.456381665185e-08 
       1.097137032630e+02       4.822623592803e-08 
       1.148843507991e+02       4.225728674879e-08 
       1.202986834461e+02       3.718191813427e-08 
       1.259681857293e+02       3.273334801601e-08 
       1.319048834233e+02       2.877734075640e-08 
       1.381213690599e+02       2.532759587114e-08 
       1.446308286385e+02       2.234420837825e-08 
       1.514470695956e+02       1.956959186424e-08 
       1.585845500922e+02       1.717250193893e-08 
       1.660584096814e+02       1.512197575418e-08 
       1.738845014213e+02       1.329074880611e-08 
       1.820794255018e+02       1.167521143182e-08 
       1.906605644557e+02       1.029097147308e-08 
       1.996461200290e+02       9.013411287522e-09 
       2.090551517900e+02       7.910051335874e-09 
       2.189076175564e+02       6.944871486205e-09 
