# Matter power spectrum P(k) at redshift z=99
# for k=1.0969e-05 to 218.908 h/Mpc,
# number of wavenumbers equal to 595
#    1:k (h/Mpc)              2:P (Mpc/h)^3        
       1.096904831099e-05       5.811076095099e-03 
       1.148600363139e-05       6.073856921752e-03 
       1.202732230544e-05       6.348520313415e-03 
       1.259415254264e-05       6.635604447724e-03 
       1.318769666591e-05       6.935670619162e-03 
       1.380921366191e-05       7.249305977423e-03 
       1.446002185152e-05       7.577125693772e-03 
       1.514150168616e-05       7.919767916568e-03 
       1.585509867594e-05       8.277904482769e-03 
       1.660232645574e-05       8.652236093728e-03 
       1.738476999587e-05       9.043493600208e-03 
       1.820408896397e-05       9.452447187970e-03 
       1.906202124544e-05       9.879892035783e-03 
       1.996038662965e-05       1.032666437461e-02 
       2.090109067004e-05       1.079364334023e-02 
       2.188612872600e-05       1.128173736827e-02 
       2.291759019531e-05       1.179190310367e-02 
       2.399766294604e-05       1.232513859877e-02 
       2.512863795730e-05       1.288248715436e-02 
       2.631291417873e-05       1.346503902131e-02 
       2.755300361896e-05       1.407393305219e-02 
       2.885153667396e-05       1.471036176256e-02 
       3.021126770644e-05       1.537556922156e-02 
       3.163508088822e-05       1.607085709625e-02 
       3.312599631796e-05       1.679758557567e-02 
       3.468717642716e-05       1.755717630735e-02 
       3.632193268816e-05       1.835111511938e-02 
       3.803373263815e-05       1.918095567601e-02 
       3.982620723435e-05       2.004832012969e-02 
       4.170315855567e-05       2.095490569683e-02 
       4.366856786754e-05       2.190248516662e-02 
       4.572660406660e-05       2.289291316826e-02 
       4.788163252356e-05       2.392812644345e-02 
       5.013822434270e-05       2.501014985981e-02 
       5.250116605782e-05       2.614109966160e-02 
       5.497546978510e-05       2.732318811125e-02 
       5.756638385449e-05       2.855872696477e-02 
       6.027940394210e-05       2.985013256723e-02 
       6.312028472726e-05       3.119993066211e-02 
       6.609505209902e-05       3.261076082822e-02 
       6.921001593779e-05       3.408538191637e-02 
       7.247178349952e-05       3.562667753356e-02 
       7.588727343051e-05       3.723766190588e-02 
       7.946373044283e-05       3.892148500313e-02 
       8.320874068131e-05       4.068143757467e-02 
       8.713024781476e-05       4.252096112168e-02 
       9.123656988559e-05       4.444365285669e-02 
       9.553641695344e-05       4.645326977470e-02 
       1.000389095704e-04       4.855374023743e-02 
       1.047535981271e-04       5.074916898796e-02 
       1.096904831099e-04       5.304384740988e-02 
       1.148600363139e-04       5.544225813423e-02 
       1.202732230545e-04       5.794908692909e-02 
       1.259415254264e-04       6.056923153797e-02 
       1.318769666591e-04       6.330780928612e-02 
       1.380921366191e-04       6.617016936451e-02 
       1.446002185152e-04       6.916189866212e-02 
       1.514150168616e-04       7.228883870475e-02 
       1.585509867594e-04       7.555709198012e-02 
       1.660232645574e-04       7.897303601995e-02 
       1.738476999587e-04       8.254333427037e-02 
       1.820408896397e-04       8.627495023305e-02 
       1.906202124544e-04       9.017515916759e-02 
       1.996038662965e-04       9.425156247765e-02 
       2.090109067004e-04       9.851210192132e-02 
       2.188612872600e-04       1.029650751801e-01 
       2.291759019531e-04       1.076191499206e-01 
       2.399766294604e-04       1.124833820426e-01 
       2.512863795730e-04       1.175672304881e-01 
       2.631291417873e-04       1.228805760036e-01 
       2.755300361896e-04       1.284337383210e-01 
       2.885153667396e-04       1.342374952371e-01 
       3.021126770644e-04       1.403031029204e-01 
       3.163508088822e-04       1.466423149866e-01 
       3.312599631796e-04       1.532674046164e-01 
       3.468717642716e-04       1.601911827097e-01 
       3.632193268816e-04       1.674270249311e-01 
       3.803373263815e-04       1.749888941867e-01 
       3.982620723435e-04       1.828913596892e-01 
       4.170315855568e-04       1.911496259486e-01 
       4.366856786754e-04       1.997795552186e-01 
       4.572660406660e-04       2.087976969829e-01 
       4.788163252356e-04       2.182213069703e-01 
       5.013822434270e-04       2.280683810375e-01 
       5.250116605782e-04       2.383576794397e-01 
       5.497546978510e-04       2.491087513561e-01 
       5.756638385449e-04       2.603419691936e-01 
       6.027940394210e-04       2.720785499590e-01 
       6.312028472726e-04       2.843405840564e-01 
       6.609505209902e-04       2.971510676033e-01 
       6.921001593779e-04       3.105339188891e-01 
       7.247178349952e-04       3.245140180767e-01 
       7.588727343051e-04       3.391172209400e-01 
       7.946373044283e-04       3.543703865645e-01 
       8.320874068131e-04       3.703013989955e-01 
       8.713024781476e-04       3.869391858606e-01 
       9.123656988559e-04       4.043137312019e-01 
       9.553641695344e-04       4.224561043673e-01 
       1.000389095704e-03       4.413984387345e-01 
       1.047535981271e-03       4.611739594473e-01 
       1.096904831099e-03       4.818169729023e-01 
       1.148600363139e-03       5.033628584559e-01 
       1.202732230545e-03       5.258480415607e-01 
       1.259415254264e-03       5.493099707284e-01 
       1.318769666591e-03       5.737870850255e-01 
       1.380921366191e-03       5.993187397607e-01 
       1.446002185152e-03       6.259451608279e-01 
       1.514150168616e-03       6.537073457703e-01 
       1.585509867594e-03       6.826469512926e-01 
       1.660232645574e-03       7.128061699613e-01 
       1.738476999587e-03       7.442276173892e-01 
       1.820408896397e-03       7.769540230990e-01 
       1.906202124544e-03       8.110281827997e-01 
       1.996038662965e-03       8.464925795099e-01 
       2.090109067004e-03       8.833891386377e-01 
       2.188612872600e-03       9.217588762572e-01 
       2.291759019531e-03       9.616415449366e-01 
       2.399766294604e-03       1.003075147579e+00 
       2.512863795730e-03       1.046095478895e+00 
       2.631291417873e-03       1.090735531509e+00 
       2.755300361896e-03       1.137024924435e+00 
       2.885153667396e-03       1.184989146278e+00 
       3.021126770644e-03       1.234648865638e+00 
       3.163508088822e-03       1.286019006144e+00 
       3.312599631796e-03       1.339107969673e+00 
       3.468717642716e-03       1.393916491272e+00 
       3.632193268816e-03       1.450436845200e+00 
       3.803373263814e-03       1.508651551530e+00 
       3.982620723431e-03       1.568532209651e+00 
       4.170315855554e-03       1.630038540882e+00 
       4.366856786707e-03       1.693117198725e+00 
       4.572660406506e-03       1.757700474611e+00 
       4.788163251864e-03       1.823705224759e+00 
       5.013822432762e-03       1.891032168134e+00 
       5.250116601328e-03       1.959563379792e+00 
       5.497546965834e-03       2.029167347533e+00 
       5.756638350631e-03       2.099687893410e+00 
       6.027940301843e-03       2.170954072782e+00 
       6.312028235853e-03       2.242775569854e+00 
       6.609504622134e-03       2.314943702233e+00 
       6.921000181360e-03       2.387231219773e+00 
       7.247175060160e-03       2.459395242883e+00 
       7.588719909568e-03       2.531175993190e+00 
       7.946356736254e-03       2.602299651677e+00 
       8.320839302068e-03       2.672478528982e+00 
       8.712952702774e-03       2.741413438559e+00 
       9.123511543240e-03       2.808792705449e+00 
       9.553355826116e-03       2.874294207077e+00 
       1.000334327259e-02       2.937582986847e+00 
       1.047433630144e-02       2.998312643058e+00 
       1.096718134364e-02       3.056121158295e+00 
       1.148267766018e-02       3.110630294642e+00 
       1.202153254843e-02       3.161448551081e+00 
       1.258430008717e-02       3.208162700503e+00 
       1.317130184694e-02       3.250355494838e+00 
       1.378253084068e-02       3.287602335764e+00 
       1.441754485614e-02       3.319496568656e+00 
       1.507536209159e-02       3.345666847791e+00 
       1.575437942368e-02       3.365813872872e+00 
       1.645233873034e-02       3.379728112075e+00 
       1.716636530373e-02       3.387331370895e+00 
       1.789309116626e-02       3.388687449223e+00 
       1.862885571852e-02       3.384008264758e+00 
       1.936995326311e-02       3.373642138450e+00 
       2.011288192339e-02       3.358038853582e+00 
       2.085454900126e-02       3.337718428873e+00 
       2.159240335812e-02       3.313244630847e+00 
       2.232448768201e-02       3.285166742794e+00 
       2.304942252117e-02       3.254021969616e+00 
       2.376634395220e-02       3.220308401026e+00 
       2.447481770068e-02       3.184454407861e+00 
       2.517474787071e-02       3.146878787620e+00 
       2.586629197025e-02       3.107907574116e+00 
       2.654978813385e-02       3.067841592327e+00 
       2.722569633342e-02       3.026952443829e+00 
       2.789455293640e-02       2.985454959897e+00 
       2.855693681082e-02       2.943523598825e+00 
       2.921344482475e-02       2.901352594809e+00 
       2.986467467311e-02       2.859066915997e+00 
       3.051121324598e-02       2.816782916898e+00 
       3.115362908813e-02       2.774622813031e+00 
       3.179246781784e-02       2.732675046675e+00 
       3.242824964662e-02       2.691001667649e+00 
       3.306146836151e-02       2.649707059059e+00 
       3.369259130286e-02       2.608847578221e+00 
       3.432206000051e-02       2.568465547343e+00 
       3.495029122750e-02       2.528619370118e+00 
       3.557767830186e-02       2.489362672995e+00 
       3.620459251805e-02       2.450726877384e+00 
       3.683138462739e-02       2.412756189930e+00 
       3.745838631308e-02       2.375482261653e+00 
       3.808591162448e-02       2.338922658066e+00 
       3.871425834856e-02       2.303117632944e+00 
       3.934370930598e-02       2.268085152432e+00 
       3.997453356526e-02       2.233842030191e+00 
       4.060698757339e-02       2.200405127484e+00 
       4.124131620360e-02       2.167795925621e+00 
       4.187775372335e-02       2.136011079918e+00 
       4.251652468637e-02       2.105075612393e+00 
       4.315784475339e-02       2.074989742435e+00 
       4.380192144653e-02       2.045749472435e+00 
       4.444895484213e-02       2.017372005529e+00 
       4.509913820710e-02       1.989840113782e+00 
       4.575265858315e-02       1.963166858756e+00 
       4.640969732355e-02       1.937330229827e+00 
       4.707043058632e-02       1.912342134856e+00 
       4.773502978774e-02       1.888183901605e+00 
       4.840366201971e-02       1.864839019475e+00 
       4.907649043405e-02       1.842297741463e+00 
       4.975367459674e-02       1.820529733719e+00 
       5.043537081486e-02       1.799559878943e+00 
       5.112173243845e-02       1.779316307605e+00 
       5.181291013972e-02       1.759810285846e+00 
       5.250905217143e-02       1.740997358121e+00 
       5.321030460638e-02       1.722862343851e+00 
       5.391681155968e-02       1.705362967794e+00 
       5.462871539508e-02       1.688473979646e+00 
       5.534615691701e-02       1.672164256207e+00 
       5.606927554935e-02       1.656390189539e+00 
       5.679820950211e-02       1.641116490551e+00 
       5.753309592701e-02       1.626299737476e+00 
       5.827407106296e-02       1.611901528309e+00 
       5.902127037216e-02       1.597880897244e+00 
       5.977482866757e-02       1.584191547297e+00 
       6.053488023263e-02       1.570777261950e+00 
       6.130155893359e-02       1.557598744314e+00 
       6.207499832521e-02       1.544609005037e+00 
       6.285533175027e-02       1.531753984254e+00 
       6.364269243341e-02       1.518979850458e+00 
       6.443721356965e-02       1.506246062519e+00 
       6.523902840810e-02       1.493493741219e+00 
       6.604827033112e-02       1.480680223529e+00 
       6.686507292931e-02       1.467752143806e+00 
       6.768957007262e-02       1.454663099562e+00 
       6.852189597788e-02       1.441366022126e+00 
       6.936218527295e-02       1.427819529862e+00 
       7.021057305780e-02       1.413979195815e+00 
       7.106719496263e-02       1.399808761137e+00 
       7.193218720333e-02       1.385271785790e+00 
       7.280568663443e-02       1.370334815092e+00 
       7.368783079963e-02       1.354978313786e+00 
       7.457875798024e-02       1.339171223774e+00 
       7.547860724140e-02       1.322901084424e+00 
       7.638751847653e-02       1.306155518944e+00 
       7.730563244986e-02       1.288926594418e+00 
       7.823309083734e-02       1.271214026177e+00 
       7.917003626588e-02       1.253025811838e+00 
       8.011661235116e-02       1.234371732948e+00 
       8.107296373400e-02       1.215272091216e+00 
       8.203923611538e-02       1.195751300040e+00 
       8.301557629029e-02       1.175841252715e+00 
       8.400213218032e-02       1.155576621124e+00 
       8.499905286519e-02       1.135003763877e+00 
       8.600648861320e-02       1.114170835270e+00 
       8.702459091074e-02       1.093132669041e+00 
       8.805351249081e-02       1.071941683031e+00 
       8.909340736074e-02       1.050672043823e+00 
       9.014443082896e-02       1.029374690864e+00 
       9.120673953112e-02       1.008128680527e+00 
       9.228049145540e-02       9.869967830143e-01 
       9.336584596711e-02       9.660543817306e-01 
       9.446296383264e-02       9.453688768350e-01 
       9.557200724288e-02       9.250086213279e-01 
       9.669313983590e-02       9.050451028844e-01 
       9.782652671922e-02       8.855397148688e-01 
       9.897233449153e-02       8.665546102314e-01 
       1.001307312639e-01       8.481473021495e-01 
       1.013018866804e-01       8.303657552631e-01 
       1.024859719390e-01       8.132582327034e-01 
       1.036831598108e-01       7.968617966048e-01 
       1.048936246604e-01       7.812087633087e-01 
       1.061175424646e-01       7.663216566511e-01 
       1.073550908320e-01       7.522151508218e-01 
       1.086064490212e-01       7.388986352603e-01 
       1.098717979600e-01       7.263651531375e-01 
       1.111513202630e-01       7.146081646996e-01 
       1.124452002505e-01       7.036006638695e-01 
       1.137536239660e-01       6.933215432118e-01 
       1.150767791943e-01       6.837269870189e-01 
       1.164148554796e-01       6.747714181949e-01 
       1.177680441428e-01       6.663998793756e-01 
       1.191365383000e-01       6.585473303291e-01 
       1.205205328796e-01       6.511459054832e-01 
       1.219202246406e-01       6.441197329657e-01 
       1.233358121908e-01       6.373852763720e-01 
       1.247674960041e-01       6.308572827459e-01 
       1.262154784397e-01       6.244490070524e-01 
       1.276799637599e-01       6.180698107516e-01 
       1.291611581492e-01       6.116321575931e-01 
       1.306592697330e-01       6.050501328163e-01 
       1.321745085970e-01       5.982455240957e-01 
       1.337070868071e-01       5.911406139398e-01 
       1.352572184290e-01       5.836774202728e-01 
       1.368251195489e-01       5.757983847552e-01 
       1.384110082948e-01       5.674651372591e-01 
       1.400151048573e-01       5.586510605091e-01 
       1.416376315125e-01       5.493464428101e-01 
       1.432788126441e-01       5.395566180354e-01 
       1.449388747672e-01       5.293046101402e-01 
       1.466180465522e-01       5.186280331223e-01 
       1.483165588498e-01       5.075802381973e-01 
       1.500346447167e-01       4.962284875271e-01 
       1.517725394423e-01       4.846507250267e-01 
       1.535304805762e-01       4.729354469214e-01 
       1.553087079567e-01       4.611771247119e-01 
       1.571074637407e-01       4.494740527559e-01 
       1.589269924342e-01       4.379253615710e-01 
       1.607675409244e-01       4.266275957741e-01 
       1.626293585127e-01       4.156722568919e-01 
       1.645126969494e-01       4.051416940145e-01 
       1.664178104695e-01       3.951086711102e-01 
       1.683449558301e-01       3.856314308516e-01 
       1.702943923491e-01       3.767536374376e-01 
       1.722663819457e-01       3.685032544721e-01 
       1.742611891826e-01       3.608902888225e-01 
       1.762790813099e-01       3.539065582804e-01 
       1.783203283105e-01       3.475273977185e-01 
       1.803852029478e-01       3.417104340918e-01 
       1.824739808153e-01       3.363983482349e-01 
       1.845869403884e-01       3.315198353724e-01 
       1.867243630778e-01       3.269917627080e-01 
       1.888865332854e-01       3.227231400848e-01 
       1.910737384634e-01       3.186169887046e-01 
       1.932862691740e-01       3.146080049503e-01 
       1.955244191537e-01       3.105913106600e-01 
       1.977884853783e-01       3.064493542887e-01 
       2.000787681320e-01       3.021003420493e-01 
       2.023955710787e-01       2.974778869119e-01 
       2.047392013365e-01       2.925346586112e-01 
       2.071099695544e-01       2.872457615782e-01 
       2.095081899940e-01       2.816106897745e-01 
       2.119341806119e-01       2.756527069347e-01 
       2.143882631479e-01       2.694177962400e-01 
       2.168707632153e-01       2.629708370520e-01 
       2.193820103951e-01       2.563904566025e-01 
       2.219223383340e-01       2.497639421870e-01 
       2.244920848465e-01       2.431805320754e-01 
       2.270915920209e-01       2.367274073292e-01 
       2.297212063293e-01       2.304836816341e-01 
       2.323812787420e-01       2.245178648755e-01 
       2.350721648469e-01       2.188851733788e-01 
       2.377942249726e-01       2.136246304970e-01 
       2.405478243169e-01       2.087586950314e-01 
       2.433333330804e-01       2.042902736223e-01 
       2.461511266052e-01       2.002051927082e-01 
       2.490015855182e-01       1.964694754844e-01 
       2.518850958811e-01       1.930317958403e-01 
       2.548020493455e-01       1.898246832040e-01 
       2.577528433139e-01       1.867755685580e-01 
       2.607378811073e-01       1.838055156959e-01 
       2.637575721387e-01       1.808374715333e-01 
       2.668123320937e-01       1.778064846574e-01 
       2.699025831178e-01       1.746578286440e-01 
       2.730287540109e-01       1.713567661615e-01 
       2.761912804292e-01       1.678869694069e-01 
       2.793906050948e-01       1.642516823955e-01 
       2.826271780137e-01       1.604729042059e-01 
       2.859014567017e-01       1.565892265916e-01 
       2.892139064192e-01       1.526538606477e-01 
       2.925650004150e-01       1.487278727032e-01 
       2.959552201797e-01       1.448759856657e-01 
       2.993850557086e-01       1.411586612765e-01 
       3.028550057750e-01       1.376249478208e-01 
       3.063655782144e-01       1.343076040969e-01 
       3.099172902189e-01       1.312197413345e-01 
       3.135106686447e-01       1.283555852775e-01 
       3.171462503301e-01       1.256923278715e-01 
       3.208245824271e-01       1.231963971993e-01 
       3.245462227460e-01       1.208249427521e-01 
       3.283117401135e-01       1.185318260826e-01 
       3.321217147457e-01       1.162703728788e-01 
       3.359767386358e-01       1.139975416841e-01 
       3.398774159576e-01       1.116808254039e-01 
       3.438243634858e-01       1.093003716685e-01 
       3.478182110334e-01       1.068532214741e-01 
       3.518596019074e-01       1.043531050065e-01 
       3.559491933834e-01       1.018256498005e-01 
       3.600876572003e-01       9.930362693848e-02 
       3.642756800760e-01       9.682123701079e-02 
       3.685139642453e-01       9.440983700831e-02 
       3.728032280205e-01       9.209518691605e-02 
       3.771442063771e-01       8.989558868752e-02 
       3.815376515643e-01       8.781797556100e-02 
       3.859843337434e-01       8.585640744655e-02 
       3.904850416542e-01       8.399267398154e-02 
       3.950405833110e-01       8.219998456105e-02 
       3.996517867313e-01       8.044895839464e-02 
       4.043195006967e-01       7.871474760999e-02 
       4.090445955496e-01       7.697966530954e-02 
       4.138279640274e-01       7.523395362190e-02 
       4.186705221354e-01       7.347590590042e-02 
       4.235732100615e-01       7.171157313766e-02 
       4.285369931351e-01       6.995519628121e-02 
       4.335628628325e-01       6.822617123661e-02 
       4.386518378313e-01       6.654361994406e-02 
       4.438049651176e-01       6.492073460477e-02 
       4.490233211485e-01       6.336245150303e-02 
       4.543080130732e-01       6.186719980518e-02 
       4.596601800167e-01       6.042878868093e-02 
       4.650809944303e-01       5.903726378421e-02 
       4.705716635122e-01       5.767911052479e-02 
       4.761334307032e-01       5.634001520650e-02 
       4.817675772629e-01       5.501007688175e-02 
       4.874754239302e-01       5.368709477161e-02 
       4.932583326751e-01       5.237516507285e-02 
       4.991177085474e-01       5.108044555423e-02 
       5.050550016280e-01       4.980960490142e-02 
       5.110717090915e-01       4.857007374914e-02 
       5.171693773858e-01       4.736856623518e-02 
       5.233496045382e-01       4.620713649705e-02 
       5.296140425967e-01       4.508166785156e-02 
       5.359644002153e-01       4.398532650321e-02 
       5.424024453948e-01       4.291265811806e-02 
       5.489300083895e-01       4.185951187097e-02 
       5.555489847921e-01       4.082170938456e-02 
       5.622613388112e-01       3.979736243737e-02 
       5.690691067536e-01       3.878943855208e-02 
       5.759744007296e-01       3.780286619689e-02 
       5.829794125966e-01       3.684008447602e-02 
       5.900864181604e-01       3.590157132155e-02 
       5.972977816540e-01       3.498815203200e-02 
       6.046159605169e-01       3.409886887341e-02 
       6.120435104986e-01       3.322947884726e-02 
       6.195830911125e-01       3.237642147635e-02 
       6.272374714700e-01       3.153951989844e-02 
       6.350095365264e-01       3.071866973319e-02 
       6.429022937736e-01       2.991324801086e-02 
       6.509188804177e-01       2.912511468731e-02 
       6.590625710844e-01       2.835643157635e-02 
       6.673367860990e-01       2.760594433782e-02 
       6.757451003909e-01       2.687246625669e-02 
       6.842912530819e-01       2.615603015607e-02 
       6.929791578186e-01       2.545454369624e-02 
       7.018129139205e-01       2.476649077092e-02 
       7.107968184185e-01       2.409325665469e-02 
       7.199353790728e-01       2.343453951621e-02 
       7.292333284610e-01       2.278986737183e-02 
       7.386956392462e-01       2.216056143995e-02 
       7.483275407403e-01       2.154529239225e-02 
       7.581345368956e-01       2.094299558699e-02 
       7.681224258715e-01       2.035421311193e-02 
       7.782973213408e-01       1.977740039057e-02 
       7.886656757211e-01       1.921295450014e-02 
       7.992343055379e-01       1.866125777265e-02 
       8.100104191535e-01       1.812110536595e-02 
       8.210016471248e-01       1.759337326750e-02 
       8.322160754854e-01       1.707671817065e-02 
       8.436622822901e-01       1.657116051295e-02 
       8.553493777980e-01       1.607662349349e-02 
       8.672870487287e-01       1.559235049308e-02 
       8.794856070782e-01       1.511904864734e-02 
       8.919560440529e-01       1.465549485117e-02 
       9.047100897573e-01       1.420238791672e-02 
       9.177602793592e-01       1.375850550722e-02 
       9.311200265643e-01       1.332451952325e-02 
       9.448037053502e-01       1.289944126461e-02 
       9.588267410536e-01       1.248384790370e-02 
       9.732057120658e-01       1.207676451190e-02 
       9.879584635853e-01       1.167866847479e-02 
       1.003104235097e+00       1.128870929745e-02 
       1.018663803508e+00       1.090719893255e-02 
       1.034659644180e+00       1.053366070840e-02 
       1.051116112430e+00       1.016787182736e-02 
       1.068059648533e+00       9.809922103267e-03 
       1.085519009674e+00       9.459213549167e-03 
       1.103525532937e+00       9.115822112354e-03 
       1.122113434006e+00       8.779622586482e-03 
       1.141320147063e+00       8.450205324484e-03 
       1.161186712200e+00       8.127517407951e-03 
       1.181758217703e+00       7.811509072108e-03 
       1.203084305656e+00       7.501938629945e-03 
       1.225219750619e+00       7.198594252712e-03 
       1.248225122457e+00       6.901342820453e-03 
       1.272167545910e+00       6.610067091888e-03 
       1.297121570873e+00       6.324629498737e-03 
       1.323170168729e+00       6.044873565251e-03 
       1.350405870962e+00       5.770666995299e-03 
       1.378932066500e+00       5.501899682339e-03 
       1.408864473114e+00       5.238475121311e-03 
       1.440332794887e+00       4.980309828409e-03 
       1.473482570981e+00       4.727308272802e-03 
       1.508477208804e+00       4.479430379882e-03 
       1.545500174671e+00       4.236714785747e-03 
       1.584757283820e+00       3.999046667315e-03 
       1.626478985044e+00       3.766532171330e-03 
       1.670922469119e+00       3.539191299455e-03 
       1.718373341237e+00       3.317230250154e-03 
       1.769146486669e+00       3.100804106281e-03 
       1.823585634966e+00       2.890137550456e-03 
       1.882061016189e+00       2.685539628190e-03 
       1.944964451729e+00       2.487428420589e-03 
       2.012701309284e+00       2.296260709663e-03 
       2.085679072733e+00       2.112544567710e-03 
       2.164292910656e+00       1.936821545585e-03 
       2.248909558865e+00       1.769679463093e-03 
       2.339851868790e+00       1.611638809967e-03 
       2.437387107706e+00       1.463166470607e-03 
       2.541722026674e+00       1.324580336227e-03 
       2.653006540240e+00       1.196051113747e-03 
       2.771345811192e+00       1.077570658616e-03 
       2.896818376356e+00       9.689621972135e-04 
       3.029496605655e+00       8.698758131774e-04 
       3.169465753203e+00       7.798425047818e-04 
       3.316838942240e+00       6.983116301823e-04 
       3.471766970449e+00       6.246682436159e-04 
       3.634443173879e+00       5.582911913670e-04 
       3.805104403104e+00       4.985588338782e-04 
       3.984029433293e+00       4.448693996359e-04 
       4.171536022243e+00       3.966628368412e-04 
       4.367977546024e+00       3.534136938860e-04 
       4.573739825701e+00       3.146376353651e-04 
       4.789238487465e+00       2.798972071793e-04 
       5.014916998530e+00       2.487906471764e-04 
       5.251245390555e+00       2.209552173905e-04 
       5.498719607936e+00       1.960633118569e-04 
       5.757861384481e+00       1.738191267965e-04 
       6.029218544837e+00       1.539593439439e-04 
       6.313365635473e+00       1.361996665517e-04 
       6.610904806061e+00       1.203133129662e-04 
       6.922466880298e+00       1.061525354000e-04 
       7.248712572246e+00       9.357382815002e-05 
       7.590333818664e+00       8.243478016544e-05 
       7.948055208895e+00       7.258552558169e-05 
       8.322635501907e+00       6.387379872798e-05 
       8.714869225646e+00       5.615860933980e-05 
       9.125588357423e+00       4.932764544124e-05 
       9.555664086357e+00       4.329702341378e-05 
       1.000600866025e+01       3.798957006343e-05 
       1.047757732014e+01       3.332155578279e-05 
       1.097137032631e+01       2.920199264247e-05 
       1.148843507991e+01       2.554161550807e-05 
       1.202986834461e+01       2.229953831151e-05 
       1.259681857293e+01       1.945973076849e-05 
       1.319048834233e+01       1.700284090430e-05 
       1.381213690599e+01       1.488258075040e-05 
       1.446308286385e+01       1.302978639899e-05 
       1.514470695956e+01       1.139316576178e-05 
       1.585845500922e+01       9.957731234913e-06 
       1.660584096814e+01       8.715765145774e-06 
       1.738845014213e+01       7.638173284252e-06 
       1.820794255018e+01       6.696557593877e-06 
       1.906605644557e+01       5.879049076672e-06 
       1.996461200290e+01       5.167763216154e-06 
       2.090551517900e+01       4.540885239788e-06 
       2.189076175564e+01       3.997562263230e-06 
       2.292244157292e+01       3.527919812992e-06 
       2.400274296203e+01       3.113158982416e-06 
       2.513395738707e+01       2.747993907437e-06 
       2.631848430549e+01       2.428448363961e-06 
       2.755883625771e+01       2.146410398981e-06 
       2.885764419651e+01       1.899295375014e-06 
       3.021766306766e+01       1.680892077554e-06 
       3.164177765353e+01       1.486821857736e-06 
       3.313300869209e+01       1.315040583041e-06 
       3.469451928431e+01       1.163480189935e-06 
       3.632962160350e+01       1.028306799307e-06 
       3.804178392091e+01       9.086167892663e-07 
       3.983463796237e+01       8.025305323443e-07 
       4.171198661167e+01       7.083555637631e-07 
       4.367781197700e+01       6.247343559084e-07 
       4.573628383751e+01       5.511033473813e-07 
       4.789176848802e+01       4.857497111758e-07 
       5.014883800045e+01       4.277962036435e-07 
       5.251227992185e+01       3.773101489926e-07 
       5.498710742941e+01       3.324506593252e-07 
       5.757856996408e+01       2.929336451836e-07 
       6.029216436533e+01       2.581280375788e-07 
       6.313364653071e+01       2.274423073658e-07 
       6.610904362487e+01       2.004295077832e-07 
       6.922466686394e+01       1.766010647359e-07 
       7.248712490254e+01       1.558815691443e-07 
       7.590333785159e+01       1.374376719235e-07 
       7.948055195675e+01       1.210052376885e-07 
       8.322635496875e+01       1.063713931834e-07 
       8.714869223800e+01       9.397496173328e-08 
       9.125588356771e+01       8.264101888832e-08 
       9.555664086136e+01       7.262441397574e-08 
       1.000600866018e+02       6.391592051177e-08 
       1.047757732012e+02       5.626580887561e-08 
       1.097137032630e+02       4.973054196262e-08 
       1.148843507991e+02       4.357540519613e-08 
       1.202986834461e+02       3.834172218505e-08 
       1.259681857293e+02       3.375438919708e-08 
       1.319048834233e+02       2.967498342969e-08 
       1.381213690599e+02       2.611763172186e-08 
       1.446308286385e+02       2.304118434781e-08 
       1.514470695956e+02       2.018002008043e-08 
       1.585845500922e+02       1.770815847281e-08 
       1.660584096814e+02       1.559367086002e-08 
       1.738845014213e+02       1.370532301714e-08 
       1.820794255018e+02       1.203939268592e-08 
       1.906605644557e+02       1.061197455900e-08 
       1.996461200290e+02       9.294563834391e-09 
       2.090551517900e+02       8.156787117440e-09 
       2.189076175564e+02       7.161500711696e-09 
