# Matter power spectrum P(k) at redshift z=4
# for k=1.0969e-05 to 218.908 h/Mpc,
# number of wavenumbers equal to 595
#    1:k (h/Mpc)              2:P (Mpc/h)^3        
       1.096904831099e-05       2.536810385367e+00 
       1.148600363139e-05       2.651526268566e+00 
       1.202732230544e-05       2.771429623637e+00 
       1.259415254264e-05       2.896754996789e+00 
       1.318769666591e-05       3.027747583643e+00 
       1.380921366191e-05       3.164663662022e+00 
       1.446002185152e-05       3.307771056144e+00 
       1.514150168616e-05       3.457349738897e+00 
       1.585509867594e-05       3.613692304401e+00 
       1.660232645574e-05       3.777104634980e+00 
       1.738476999587e-05       3.947906416753e+00 
       1.820408896397e-05       4.126431710991e+00 
       1.906202124544e-05       4.313029793525e+00 
       1.996038662965e-05       4.508065679033e+00 
       2.090109067004e-05       4.711920871920e+00 
       2.188612872600e-05       4.924994173287e+00 
       2.291759019531e-05       5.147702327135e+00 
       2.399766294604e-05       5.380481002060e+00 
       2.512863795730e-05       5.623785503652e+00 
       2.631291417873e-05       5.878091727592e+00 
       2.755300361896e-05       6.143897093871e+00 
       2.885153667396e-05       6.421721479340e+00 
       3.021126770644e-05       6.712108276188e+00 
       3.163508088822e-05       7.015625395120e+00 
       3.312599631796e-05       7.332866448277e+00 
       3.468717642716e-05       7.664451856870e+00 
       3.632193268816e-05       8.011030023960e+00 
       3.803373263815e-05       8.373278742186e+00 
       3.982620723435e-05       8.751906254304e+00 
       4.170315855567e-05       9.147652975549e+00 
       4.366856786754e-05       9.561292677469e+00 
       4.572660406660e-05       9.993633970391e+00 
       4.788163252356e-05       1.044552208224e+01 
       5.013822434270e-05       1.091784040059e+01 
       5.250116605782e-05       1.141151210549e+01 
       5.497546978510e-05       1.192750203713e+01 
       5.756638385449e-05       1.246681856931e+01 
       6.027940394210e-05       1.303051561085e+01 
       6.312028472726e-05       1.361969447459e+01 
       6.609505209902e-05       1.423550619983e+01 
       6.921001593779e-05       1.487915364441e+01 
       7.247178349952e-05       1.555189375846e+01 
       7.588727343051e-05       1.625504029719e+01 
       7.946373044283e-05       1.698996597712e+01 
       8.320874068131e-05       1.775810528285e+01 
       8.713024781476e-05       1.856095718807e+01 
       9.123656988559e-05       1.940008810869e+01 
       9.553641695344e-05       2.027713463666e+01 
       1.000389095704e-04       2.119380697809e+01 
       1.047535981271e-04       2.215189192697e+01 
       1.096904831099e-04       2.315325632840e+01 
       1.148600363139e-04       2.419985074517e+01 
       1.202732230545e-04       2.529371283429e+01 
       1.259415254264e-04       2.643697127676e+01 
       1.318769666591e-04       2.763184980670e+01 
       1.380921366191e-04       2.888067123943e+01 
       1.446002185152e-04       3.018586172642e+01 
       1.514150168616e-04       3.154995538443e+01 
       1.585509867594e-04       3.297559845463e+01 
       1.660232645574e-04       3.446555465418e+01 
       1.738476999587e-04       3.602270952284e+01 
       1.820408896397e-04       3.765007610905e+01 
       1.906202124544e-04       3.935079969533e+01 
       1.996038662965e-04       4.112816370956e+01 
       2.090109067004e-04       4.298559514397e+01 
       2.188612872600e-04       4.492667020577e+01 
       2.291759019531e-04       4.695512066456e+01 
       2.399766294604e-04       4.907483959652e+01 
       2.512863795730e-04       5.128988782549e+01 
       2.631291417873e-04       5.360450035591e+01 
       2.755300361896e-04       5.602309264065e+01 
       2.885153667396e-04       5.855026751904e+01 
       3.021126770644e-04       6.119082209616e+01 
       3.163508088822e-04       6.394975382435e+01 
       3.312599631796e-04       6.683226811249e+01 
       3.468717642716e-04       6.984378474558e+01 
       3.632193268816e-04       7.298994495709e+01 
       3.803373263815e-04       7.627661787881e+01 
       3.982620723435e-04       7.970990724267e+01 
       4.170315855568e-04       8.329615838465e+01 
       4.366856786754e-04       8.704196317598e+01 
       4.572660406660e-04       9.095416805691e+01 
       4.788163252356e-04       9.503987673047e+01 
       5.013822434270e-04       9.930645784488e+01 
       5.250116605782e-04       1.037615479697e+02 
       5.497546978510e-04       1.084130558728e+02 
       5.756638385449e-04       1.132691659765e+02 
       6.027940394210e-04       1.183383395202e+02 
       6.312028472726e-04       1.236293167921e+02 
       6.609505209902e-04       1.291511168423e+02 
       6.921001593779e-04       1.349130353660e+02 
       7.247178349952e-04       1.409246431475e+02 
       7.588727343051e-04       1.471957829951e+02 
       7.946373044283e-04       1.537365603619e+02 
       8.320874068131e-04       1.605573402889e+02 
       8.713024781476e-04       1.676687336835e+02 
       9.123656988559e-04       1.750815869104e+02 
       9.553641695344e-04       1.828069738709e+02 
       1.000389095704e-03       1.908561700936e+02 
       1.047535981271e-03       1.992406405886e+02 
       1.096904831099e-03       2.079720203580e+02 
       1.148600363139e-03       2.170620879033e+02 
       1.202732230545e-03       2.265227391946e+02 
       1.259415254264e-03       2.363659590581e+02 
       1.318769666591e-03       2.466037925670e+02 
       1.380921366191e-03       2.572482955436e+02 
       1.446002185152e-03       2.683115067735e+02 
       1.514150168616e-03       2.798053967942e+02 
       1.585509867594e-03       2.917418034407e+02 
       1.660232645574e-03       3.041323789206e+02 
       1.738476999587e-03       3.169885309778e+02 
       1.820408896397e-03       3.303212892700e+02 
       1.906202124544e-03       3.441412784771e+02 
       1.996038662965e-03       3.584585580201e+02 
       2.090109067004e-03       3.732825172104e+02 
       2.188612872600e-03       3.886217312049e+02 
       2.291759019531e-03       4.044838361273e+02 
       2.399766294604e-03       4.208753348718e+02 
       2.512863795730e-03       4.378014746328e+02 
       2.631291417873e-03       4.552660232842e+02 
       2.755300361896e-03       4.732711851379e+02 
       2.885153667396e-03       4.918173738415e+02 
       3.021126770644e-03       5.109030474107e+02 
       3.163508088822e-03       5.305246064082e+02 
       3.312599631796e-03       5.506761048991e+02 
       3.468717642716e-03       5.713491334773e+02 
       3.632193268816e-03       5.925325909498e+02 
       3.803373263814e-03       6.142124165975e+02 
       3.982620723431e-03       6.363712936729e+02 
       4.170315855554e-03       6.589885849110e+02 
       4.366856786707e-03       6.820400317430e+02 
       4.572660406506e-03       7.054976243647e+02 
       4.788163251864e-03       7.293294060023e+02 
       5.013822432762e-03       7.534994596467e+02 
       5.250116601328e-03       7.779670846796e+02 
       5.497546965834e-03       8.026887457587e+02 
       5.756638350631e-03       8.276137258097e+02 
       6.027940301843e-03       8.526879634269e+02 
       6.312028235853e-03       8.778520601317e+02 
       6.609504622134e-03       9.030414750403e+02 
       6.921000181360e-03       9.281860071456e+02 
       7.247175060160e-03       9.532105827368e+02 
       7.588719909568e-03       9.780334319133e+02 
       7.946356736254e-03       1.002567424760e+03 
       8.320839302068e-03       1.026719381245e+03 
       8.712952702774e-03       1.050390009376e+03 
       9.123511543240e-03       1.073472980091e+03 
       9.553355826116e-03       1.095855460309e+03 
       1.000334327259e-02       1.117416652177e+03 
       1.047433630144e-02       1.138031254377e+03 
       1.096718134364e-02       1.157560663655e+03 
       1.148267766018e-02       1.175862884556e+03 
       1.202153254843e-02       1.192790037956e+03 
       1.258430008717e-02       1.208186348455e+03 
       1.317130184694e-02       1.221896287855e+03 
       1.378253084068e-02       1.233765144692e+03 
       1.441754485614e-02       1.243648312618e+03 
       1.507536209159e-02       1.251415895322e+03 
       1.575437942368e-02       1.256969601071e+03 
       1.645233873034e-02       1.260246039784e+03 
       1.716636530373e-02       1.261231219882e+03 
       1.789309116626e-02       1.259962554443e+03 
       1.862885571852e-02       1.256530333504e+03 
       1.936995326311e-02       1.251072034388e+03 
       2.011288192339e-02       1.243759405933e+03 
       2.085454900126e-02       1.234787491153e+03 
       2.159240335812e-02       1.224365607502e+03 
       2.232448768201e-02       1.212696438177e+03 
       2.304942252117e-02       1.199977581707e+03 
       2.376634395220e-02       1.186391754811e+03 
       2.447481770068e-02       1.172095429903e+03 
       2.517474787071e-02       1.157241207985e+03 
       2.586629197025e-02       1.141946796918e+03 
       2.654978813385e-02       1.126320104989e+03 
       2.722569633342e-02       1.110457742572e+03 
       2.789455293640e-02       1.094434971005e+03 
       2.855693681082e-02       1.078311922826e+03 
       2.921344482475e-02       1.062155933271e+03 
       2.986467467311e-02       1.046008799285e+03 
       3.051121324598e-02       1.029909347934e+03 
       3.115362908813e-02       1.013898743876e+03 
       3.179246781784e-02       9.980060126390e+02 
       3.242824964662e-02       9.822507150129e+02 
       3.306146836151e-02       9.666683339821e+02 
       3.369259130286e-02       9.512768281406e+02 
       3.432206000051e-02       9.360893146491e+02 
       3.495029122750e-02       9.211249961466e+02 
       3.557767830186e-02       9.064015854958e+02 
       3.620459251805e-02       8.919284123117e+02 
       3.683138462739e-02       8.777200846809e+02 
       3.745838631308e-02       8.637866522289e+02 
       3.808591162448e-02       8.501328450944e+02 
       3.871425834856e-02       8.367726490778e+02 
       3.934370930598e-02       8.237114783297e+02 
       3.997453356526e-02       8.109545375219e+02 
       4.060698757339e-02       7.985071950757e+02 
       4.124131620360e-02       7.863767524100e+02 
       4.187775372335e-02       7.745614404394e+02 
       4.251652468637e-02       7.630697248098e+02 
       4.315784475339e-02       7.519010707742e+02 
       4.380192144653e-02       7.410537279112e+02 
       4.444895484213e-02       7.305331514366e+02 
       4.509913820710e-02       7.203324144634e+02 
       4.575265858315e-02       7.104555491152e+02 
       4.640969732355e-02       7.008937306307e+02 
       4.707043058632e-02       6.916504410803e+02 
       4.773502978774e-02       6.827182757788e+02 
       4.840366201971e-02       6.740899112350e+02 
       4.907649043405e-02       6.657612331923e+02 
       4.975367459674e-02       6.577203964935e+02 
       5.043537081486e-02       6.499746047525e+02 
       5.112173243845e-02       6.424982297564e+02 
       5.181291013972e-02       6.352950547072e+02 
       5.250905217143e-02       6.283486715760e+02 
       5.321030460638e-02       6.216521958289e+02 
       5.391681155968e-02       6.151894102933e+02 
       5.462871539508e-02       6.089530696757e+02 
       5.534615691701e-02       6.029313071830e+02 
       5.606927554935e-02       5.971080836513e+02 
       5.679820950211e-02       5.914704072146e+02 
       5.753309592701e-02       5.860023277844e+02 
       5.827407106296e-02       5.806899400500e+02 
       5.902127037216e-02       5.755177581521e+02 
       5.977482866757e-02       5.704691264735e+02 
       6.053488023263e-02       5.655235204018e+02 
       6.130155893359e-02       5.606665050441e+02 
       6.207499832521e-02       5.558806285806e+02 
       6.285533175027e-02       5.511464602601e+02 
       6.364269243341e-02       5.464443925096e+02 
       6.443721356965e-02       5.417595961788e+02 
       6.523902840810e-02       5.370707670668e+02 
       6.604827033112e-02       5.323624458570e+02 
       6.686507292931e-02       5.276156896853e+02 
       6.768957007262e-02       5.228137444620e+02 
       6.852189597788e-02       5.179394694092e+02 
       6.936218527295e-02       5.129782682752e+02 
       7.021057305780e-02       5.079140944418e+02 
       7.106719496263e-02       5.027339614659e+02 
       7.193218720333e-02       4.974243794181e+02 
       7.280568663443e-02       4.919736066064e+02 
       7.368783079963e-02       4.863744107521e+02 
       7.457875798024e-02       4.806156846225e+02 
       7.547860724140e-02       4.746929293320e+02 
       7.638751847653e-02       4.686018402260e+02 
       7.730563244986e-02       4.623395809954e+02 
       7.823309083734e-02       4.559061339469e+02 
       7.917003626588e-02       4.493048534871e+02 
       8.011661235116e-02       4.425394057384e+02 
       8.107296373400e-02       4.356167833822e+02 
       8.203923611538e-02       4.285460942172e+02 
       8.301557629029e-02       4.213385768821e+02 
       8.400213218032e-02       4.140069145910e+02 
       8.499905286519e-02       4.065675583097e+02 
       8.600648861320e-02       3.990378616508e+02 
       8.702459091074e-02       3.914375385304e+02 
       8.805351249081e-02       3.837855372510e+02 
       8.909340736074e-02       3.761085740606e+02 
       9.014443082896e-02       3.684249605817e+02 
       9.120673953112e-02       3.607629156244e+02 
       9.228049145540e-02       3.531450204475e+02 
       9.336584596711e-02       3.455981723666e+02 
       9.446296383264e-02       3.381464098151e+02 
       9.557200724288e-02       3.308142355532e+02 
       9.669313983590e-02       3.236272300485e+02 
       9.782652671922e-02       3.166073730818e+02 
       9.897233449153e-02       3.097768716323e+02 
       1.001307312639e-01       3.031561018796e+02 
       1.013018866804e-01       2.967621708744e+02 
       1.024859719390e-01       2.906120642147e+02 
       1.036831598108e-01       2.847188944007e+02 
       1.048936246604e-01       2.790941483301e+02 
       1.061175424646e-01       2.737457197904e+02 
       1.073550908320e-01       2.686787307433e+02 
       1.086064490212e-01       2.638964458558e+02 
       1.098717979600e-01       2.593960987607e+02 
       1.111513202630e-01       2.551751523297e+02 
       1.124452002505e-01       2.512236820662e+02 
       1.137536239660e-01       2.475339418993e+02 
       1.150767791943e-01       2.440901884814e+02 
       1.164148554796e-01       2.408759633303e+02 
       1.177680441428e-01       2.378714887109e+02 
       1.191365383000e-01       2.350533350678e+02 
       1.205205328796e-01       2.323971092844e+02 
       1.219202246406e-01       2.298754255231e+02 
       1.233358121908e-01       2.274582787933e+02 
       1.247674960041e-01       2.251152163879e+02 
       1.262154784397e-01       2.228151164846e+02 
       1.276799637599e-01       2.205255754223e+02 
       1.291611581492e-01       2.182150696621e+02 
       1.306592697330e-01       2.158529387415e+02 
       1.321745085970e-01       2.134111881922e+02 
       1.337070868071e-01       2.108620065412e+02 
       1.352572184290e-01       2.081847755251e+02 
       1.368251195489e-01       2.053589998058e+02 
       1.384110082948e-01       2.023709888930e+02 
       1.400151048573e-01       1.992112634245e+02 
       1.416376315125e-01       1.958764128258e+02 
       1.432788126441e-01       1.923685125067e+02 
       1.449388747672e-01       1.886959946896e+02 
       1.466180465522e-01       1.848723437420e+02 
       1.483165588498e-01       1.809167169485e+02 
       1.500346447167e-01       1.768532211298e+02 
       1.517725394423e-01       1.727097927264e+02 
       1.535304805762e-01       1.685181947411e+02 
       1.553087079567e-01       1.643122634324e+02 
       1.571074637407e-01       1.601271030240e+02 
       1.589269924342e-01       1.559980939512e+02 
       1.607675409244e-01       1.519597616571e+02 
       1.626293585127e-01       1.480447641324e+02 
       1.645126969494e-01       1.442825171895e+02 
       1.664178104695e-01       1.406988923389e+02 
       1.683449558301e-01       1.373145869497e+02 
       1.702943923491e-01       1.341451026715e+02 
       1.722663819457e-01       1.312003749805e+02 
       1.742611891826e-01       1.284838795326e+02 
       1.762790813099e-01       1.259924711903e+02 
       1.783203283105e-01       1.237172558693e+02 
       1.803852029478e-01       1.216430328727e+02 
       1.824739808153e-01       1.197492378751e+02 
       1.845869403884e-01       1.180102833091e+02 
       1.867243630778e-01       1.163963658225e+02 
       1.888865332854e-01       1.148749634962e+02 
       1.910737384634e-01       1.134114285816e+02 
       1.932862691740e-01       1.119824325427e+02 
       1.955244191537e-01       1.105504741905e+02 
       1.977884853783e-01       1.090735248103e+02 
       2.000787681320e-01       1.075224544487e+02 
       2.023955710787e-01       1.058735761298e+02 
       2.047392013365e-01       1.041099826203e+02 
       2.071099695544e-01       1.022228981656e+02 
       2.095081899940e-01       1.002122596878e+02 
       2.119341806119e-01       9.808644520843e+01 
       2.143882631479e-01       9.586189659872e+01 
       2.168707632153e-01       9.356194378368e+01 
       2.193820103951e-01       9.121471354825e+01 
       2.219223383340e-01       8.885136372713e+01 
       2.244920848465e-01       8.650379475438e+01 
       2.270915920209e-01       8.420316651574e+01 
       2.297212063293e-01       8.197766894046e+01 
       2.323812787420e-01       7.985166653134e+01 
       2.350721648469e-01       7.784488048616e+01 
       2.377942249726e-01       7.597114887683e+01 
       2.405478243169e-01       7.423840215491e+01 
       2.433333330804e-01       7.264760881754e+01 
       2.461511266052e-01       7.119367936073e+01 
       2.490015855182e-01       6.986439257700e+01 
       2.518850958811e-01       6.864137808555e+01 
       2.548020493455e-01       6.750055131244e+01 
       2.577528433139e-01       6.641593146651e+01 
       2.607378811073e-01       6.535935490321e+01 
       2.637575721387e-01       6.430333981466e+01 
       2.668123320937e-01       6.322468603636e+01 
       2.699025831178e-01       6.210389793768e+01 
       2.730287540109e-01       6.092864962996e+01 
       2.761912804292e-01       5.969313242723e+01 
       2.793906050948e-01       5.839855757863e+01 
       2.826271780137e-01       5.705283753574e+01 
       2.859014567017e-01       5.566975427941e+01 
       2.892139064192e-01       5.426834861002e+01 
       2.925650004150e-01       5.287041409473e+01 
       2.959552201797e-01       5.149905219138e+01 
       2.993850557086e-01       5.017583684690e+01 
       3.028550057750e-01       4.891823642236e+01 
       3.063655782144e-01       4.773791218067e+01 
       3.099172902189e-01       4.663950817154e+01 
       3.135106686447e-01       4.562088829684e+01 
       3.171462503301e-01       4.467390777387e+01 
       3.208245824271e-01       4.378653078941e+01 
       3.245462227460e-01       4.294346295773e+01 
       3.283117401135e-01       4.212822966347e+01 
       3.321217147457e-01       4.132418180417e+01 
       3.359767386358e-01       4.051598376143e+01 
       3.398774159576e-01       3.969203522857e+01 
       3.438243634858e-01       3.884529894475e+01 
       3.478182110334e-01       3.797473778482e+01 
       3.518596019074e-01       3.708527987205e+01 
       3.559491933834e-01       3.618609559658e+01 
       3.600876572003e-01       3.528888142074e+01 
       3.642756800760e-01       3.440585000700e+01 
       3.685139642453e-01       3.354816625040e+01 
       3.728032280205e-01       3.272501413437e+01 
       3.771442063771e-01       3.194289711374e+01 
       3.815376515643e-01       3.120427936850e+01 
       3.859843337434e-01       3.050701431525e+01 
       3.904850416542e-01       2.984460102149e+01 
       3.950405833110e-01       2.920745264688e+01 
       3.996517867313e-01       2.858509895769e+01 
       4.043195006967e-01       2.796867131657e+01 
       4.090445955496e-01       2.735187957178e+01 
       4.138279640274e-01       2.673125752050e+01 
       4.186705221354e-01       2.610620895655e+01 
       4.235732100615e-01       2.547890455919e+01 
       4.285369931351e-01       2.485442913416e+01 
       4.335628628325e-01       2.423971086686e+01 
       4.386518378313e-01       2.364156239181e+01 
       4.438049651176e-01       2.306469131515e+01 
       4.490233211485e-01       2.251083686751e+01 
       4.543080130732e-01       2.197943150544e+01 
       4.596601800167e-01       2.146825911021e+01 
       4.650809944303e-01       2.097376445797e+01 
       4.705716635122e-01       2.049113225022e+01 
       4.761334307032e-01       2.001525294812e+01 
       4.817675772629e-01       1.954260007527e+01 
       4.874754239302e-01       1.907240141471e+01 
       4.932583326751e-01       1.860612239179e+01 
       4.991177085474e-01       1.814596644085e+01 
       5.050550016280e-01       1.769431169079e+01 
       5.110717090915e-01       1.725380255250e+01 
       5.171693773858e-01       1.682683489447e+01 
       5.233496045382e-01       1.641413795898e+01 
       5.296140425967e-01       1.601423470864e+01 
       5.359644002153e-01       1.562468636981e+01 
       5.424024453948e-01       1.524354908418e+01 
       5.489300083895e-01       1.486934601104e+01 
       5.555489847921e-01       1.450058810517e+01 
       5.622613388112e-01       1.413660446193e+01 
       5.690691067536e-01       1.377845798462e+01 
       5.759744007296e-01       1.342790824394e+01 
       5.829794125966e-01       1.308582231483e+01 
       5.900864181604e-01       1.275236920405e+01 
       5.972977816540e-01       1.242784228341e+01 
       6.046159605169e-01       1.211190008366e+01 
       6.120435104986e-01       1.180302737362e+01 
       6.195830911125e-01       1.149995390053e+01 
       6.272374714700e-01       1.120262033261e+01 
       6.350095365264e-01       1.091099169840e+01 
       6.429022937736e-01       1.062484477102e+01 
       6.509188804177e-01       1.034484411290e+01 
       6.590625710844e-01       1.007176189056e+01 
       6.673367860990e-01       9.805148909512e+00 
       6.757451003909e-01       9.544580011060e+00 
       6.842912530819e-01       9.290069669817e+00 
       6.929791578186e-01       9.040871033359e+00 
       7.018129139205e-01       8.796443277690e+00 
       7.107968184185e-01       8.557283362837e+00 
       7.199353790728e-01       8.323282966866e+00 
       7.292333284610e-01       8.094272934818e+00 
       7.386956392462e-01       7.870726612617e+00 
       7.483275407403e-01       7.652168558867e+00 
       7.581345368956e-01       7.438218465018e+00 
       7.681224258715e-01       7.229072436211e+00 
       7.782973213408e-01       7.024178171605e+00 
       7.886656757211e-01       6.823679003810e+00 
       7.992343055379e-01       6.627710766817e+00 
       8.100104191535e-01       6.435843515833e+00 
       8.210016471248e-01       6.248391223524e+00 
       8.322160754854e-01       6.064873854307e+00 
       8.436622822901e-01       5.885299925776e+00 
       8.553493777980e-01       5.709641912551e+00 
       8.672870487287e-01       5.537629797038e+00 
       8.794856070782e-01       5.369517677681e+00 
       8.919560440529e-01       5.204867386634e+00 
       9.047100897573e-01       5.043930340216e+00 
       9.177602793592e-01       4.886269063501e+00 
       9.311200265643e-01       4.732125492923e+00 
       9.448037053502e-01       4.581145314806e+00 
       9.588267410536e-01       4.433536405438e+00 
       9.732057120658e-01       4.288949372209e+00 
       9.879584635853e-01       4.147556666991e+00 
       1.003104235097e+00       4.009053908375e+00 
       1.018663803508e+00       3.873553047655e+00 
       1.034659644180e+00       3.740884263513e+00 
       1.051116112430e+00       3.610968450021e+00 
       1.068059648533e+00       3.483838059047e+00 
       1.085519009674e+00       3.359279512328e+00 
       1.103525532937e+00       3.237320574049e+00 
       1.122113434006e+00       3.117916868770e+00 
       1.141320147063e+00       3.000922125277e+00 
       1.161186712200e+00       2.886317944425e+00 
       1.181758217703e+00       2.774086872851e+00 
       1.203084305656e+00       2.664142681098e+00 
       1.225219750619e+00       2.556410236080e+00 
       1.248225122457e+00       2.450841979425e+00 
       1.272167545910e+00       2.347396537099e+00 
       1.297121570873e+00       2.246025026762e+00 
       1.323170168729e+00       2.146671761662e+00 
       1.350405870962e+00       2.049289755596e+00 
       1.378932066500e+00       1.953839854600e+00 
       1.408864473114e+00       1.860287837944e+00 
       1.440332794887e+00       1.768603962897e+00 
       1.473482570981e+00       1.678754307759e+00 
       1.508477208804e+00       1.590724450466e+00 
       1.545500174671e+00       1.504528501152e+00 
       1.584757283820e+00       1.420125204700e+00 
       1.626478985044e+00       1.337552613096e+00 
       1.670922469119e+00       1.256817511166e+00 
       1.718373341237e+00       1.177993306304e+00 
       1.769146486669e+00       1.101135030843e+00 
       1.823585634966e+00       1.026322350848e+00 
       1.882061016189e+00       9.536650441077e-01 
       1.944964451729e+00       8.833116210273e-01 
       2.012701309284e+00       8.154245435394e-01 
       2.085679072733e+00       7.501832308796e-01 
       2.164292910656e+00       6.877809428713e-01 
       2.248909558865e+00       6.284261199543e-01 
       2.339851868790e+00       5.723037091436e-01 
       2.437387107706e+00       5.195789633710e-01 
       2.541722026674e+00       4.703652621418e-01 
       2.653006540240e+00       4.247230269617e-01 
       2.771345811192e+00       3.826493308704e-01 
       2.896818376356e+00       3.440814083874e-01 
       3.029496605655e+00       3.088949444475e-01 
       3.169465753203e+00       2.769233732867e-01 
       3.316838942240e+00       2.479711622921e-01 
       3.471766970449e+00       2.218198955888e-01 
       3.634443173879e+00       1.982492789083e-01 
       3.805104403104e+00       1.770377304430e-01 
       3.984029433293e+00       1.579723554892e-01 
       4.171536022243e+00       1.408540040522e-01 
       4.367977546024e+00       1.254960794193e-01 
       4.573739825701e+00       1.117265803677e-01 
       4.789238487465e+00       9.939016677380e-02 
       5.014916998530e+00       8.834416700374e-02 
       5.251245390555e+00       7.845976441896e-02 
       5.498719607936e+00       6.962063328308e-02 
       5.757861384481e+00       6.172170552366e-02 
       6.029218544837e+00       5.466949901527e-02 
       6.313365635473e+00       4.836305059310e-02 
       6.610904806061e+00       4.272188025190e-02 
       6.922466880298e+00       3.769336343998e-02 
       7.248712572246e+00       3.322670077093e-02 
       7.590333818664e+00       2.927124928732e-02 
       7.948055208895e+00       2.577381553319e-02 
       8.322635501907e+00       2.268032135388e-02 
       8.714869225646e+00       1.994069873890e-02 
       9.125588357423e+00       1.751506552254e-02 
       9.555664086357e+00       1.537364678222e-02 
       1.000600866025e+01       1.348899972719e-02 
       1.047757732014e+01       1.183142956506e-02 
       1.097137032631e+01       1.036861607870e-02 
       1.148843507991e+01       9.068857696371e-03 
       1.202986834461e+01       7.917635052390e-03 
       1.259681857293e+01       6.909259519479e-03 
       1.319048834233e+01       6.036856007647e-03 
       1.381213690599e+01       5.283987098701e-03 
       1.446308286385e+01       4.626093810184e-03 
       1.514470695956e+01       4.044962979112e-03 
       1.585845500922e+01       3.535272199898e-03 
       1.660584096814e+01       3.094279842360e-03 
       1.738845014213e+01       2.711656116118e-03 
       1.820794255018e+01       2.377313426425e-03 
       1.906605644557e+01       2.087040671228e-03 
       1.996461200290e+01       1.834485906075e-03 
       2.090551517900e+01       1.611903632119e-03 
       2.189076175564e+01       1.418989900180e-03 
       2.292244157292e+01       1.252238165089e-03 
       2.400274296203e+01       1.104974228394e-03 
       2.513395738707e+01       9.753209741250e-04 
       2.631848430549e+01       8.618661039469e-04 
       2.755883625771e+01       7.617295632181e-04 
       2.885764419651e+01       6.739931702318e-04 
       3.021766306766e+01       5.964517890476e-04 
       3.164177765353e+01       5.275508572867e-04 
       3.313300869209e+01       4.665643422975e-04 
       3.469451928431e+01       4.127577257597e-04 
       3.632962160350e+01       3.647701341943e-04 
       3.804178392091e+01       3.222803804186e-04 
       3.983463796237e+01       2.846210732001e-04 
       4.171198661167e+01       2.511913052954e-04 
       4.367781197700e+01       2.215090538733e-04 
       4.573628383751e+01       1.953738634460e-04 
       4.789176848802e+01       1.721778471897e-04 
       5.014883800045e+01       1.516095137760e-04 
       5.251227992185e+01       1.336920157089e-04 
       5.498710742941e+01       1.177724839293e-04 
       5.757856996408e+01       1.037497112284e-04 
       6.029216436533e+01       9.139961948418e-05 
       6.313364653071e+01       8.051219558394e-05 
       6.610904362487e+01       7.092869459582e-05 
       6.922466686394e+01       6.247570289341e-05 
       7.248712490254e+01       5.512596977892e-05 
       7.590333785159e+01       4.858433529601e-05 
       7.948055195675e+01       4.275704240112e-05 
       8.322635496875e+01       3.756850604964e-05 
       8.714869223800e+01       3.317312675884e-05 
       9.125588356771e+01       2.915579852204e-05 
       9.555664086136e+01       2.560613523255e-05 
       1.000600866018e+02       2.252044612276e-05 
       1.047757732012e+02       1.981032019374e-05 
       1.097137032630e+02       1.749515288227e-05 
       1.148843507991e+02       1.531630082288e-05 
       1.202986834461e+02       1.346371587532e-05 
       1.259681857293e+02       1.184037512433e-05 
       1.319048834233e+02       1.039743019326e-05 
       1.381213690599e+02       9.139518772403e-06 
       1.446308286385e+02       8.051879434477e-06 
       1.514470695956e+02       7.041529289917e-06 
       1.585845500922e+02       6.168966470684e-06 
       1.660584096814e+02       5.422699337553e-06 
       1.738845014213e+02       4.756828024332e-06 
       1.820794255018e+02       4.169849634549e-06 
       1.906605644557e+02       3.667055554267e-06 
       1.996461200290e+02       3.203873011881e-06 
       2.090551517900e+02       2.804123849739e-06 
       2.189076175564e+02       2.454795445350e-06 
