# Matter power spectrum P(k) at redshift z=3
# for k=1.03944e-05 to 328.769 h/Mpc,
# number of wavenumbers equal to 605
#    1:k (h/Mpc)              2:P (Mpc/h)^3        
       1.039438893066e-05       2.908838203527e+00 
       1.088426138884e-05       3.043543305475e+00 
       1.139722082470e-05       3.184486338675e+00 
       1.193435529399e-05       3.331956172689e+00 
       1.249680413092e-05       3.486255106650e+00 
       1.308576036488e-05       3.647699359616e+00 
       1.370247325102e-05       3.816619831173e+00 
       1.434825092005e-05       3.993362631039e+00 
       1.502446315298e-05       4.178290059421e+00 
       1.573254428662e-05       4.371781054415e+00 
       1.647399625600e-05       4.574232165560e+00 
       1.725039178014e-05       4.786058327023e+00 
       1.806337769805e-05       5.007693561345e+00 
       1.891467846185e-05       5.239592131539e+00 
       1.980609979461e-05       5.482229255562e+00 
       2.073953252048e-05       5.736102172669e+00 
       2.171695657542e-05       6.001731066683e+00 
       2.274044520691e-05       6.279660288163e+00 
       2.381216937154e-05       6.570459367200e+00 
       2.493440233996e-05       6.874724159646e+00 
       2.610952451876e-05       7.193078101231e+00 
       2.734002849963e-05       7.526173511008e+00 
       2.862852434649e-05       7.874692855878e+00 
       2.997774513178e-05       8.239350218802e+00 
       3.139055273368e-05       8.620892689207e+00 
       3.286994390653e-05       9.020101929567e+00 
       3.441905663736e-05       9.437795782418e+00 
       3.604117680196e-05       9.874829854196e+00 
       3.773974513469e-05       1.033209936108e+01 
       3.951836452669e-05       1.081054095940e+01 
       4.138080766818e-05       1.131113458176e+01 
       4.333102505076e-05       1.183490535297e+01 
       4.537315334696e-05       1.238292599338e+01 
       4.751152418469e-05       1.295631866600e+01 
       4.975067333520e-05       1.355625731145e+01 
       5.209535033404e-05       1.418397026831e+01 
       5.455052855549e-05       1.484074230008e+01 
       5.712141576172e-05       1.552791803178e+01 
       5.981346514918e-05       1.624690342845e+01 
       6.263238691556e-05       1.699917003715e+01 
       6.558416037185e-05       1.778625686446e+01 
       6.867504662531e-05       1.860977391876e+01 
       7.191160186009e-05       1.947140558955e+01 
       7.530069124377e-05       2.037291347510e+01 
       7.884950348932e-05       2.131614069504e+01 
       8.256556610330e-05       2.230301490804e+01 
       8.645676135275e-05       2.333555258856e+01 
       9.053134298449e-05       2.441586276885e+01 
       9.479795373245e-05       2.554615149122e+01 
       9.926564365005e-05       2.672872582136e+01 
       1.039438893066e-04       2.796599867853e+01 
       1.088426138884e-04       2.926049357645e+01 
       1.139722082470e-04       3.061484933989e+01 
       1.193435529399e-04       3.203182547348e+01 
       1.249680413092e-04       3.351430739805e+01 
       1.308576036488e-04       3.506531207081e+01 
       1.370247325102e-04       3.668799370521e+01 
       1.434825092005e-04       3.838564981935e+01 
       1.502446315298e-04       4.016172738838e+01 
       1.573254428662e-04       4.201982961122e+01 
       1.647399625600e-04       4.396372204547e+01 
       1.725039178014e-04       4.599734010494e+01 
       1.806337769805e-04       4.812479588722e+01 
       1.891467846185e-04       5.035038572081e+01 
       1.980609979461e-04       5.267859778772e+01 
       2.073953252048e-04       5.511411982063e+01 
       2.171695657542e-04       5.766184756542e+01 
       2.274044520691e-04       6.032689248115e+01 
       2.381216937154e-04       6.311459092729e+01 
       2.493440233996e-04       6.603051224705e+01 
       2.610952451876e-04       6.908046798327e+01 
       2.734002849963e-04       7.227052070542e+01 
       2.862852434649e-04       7.560699315350e+01 
       2.997774513178e-04       7.909647737566e+01 
       3.139055273368e-04       8.274584404955e+01 
       3.286994390653e-04       8.656225180404e+01 
       3.441905663736e-04       9.055315595406e+01 
       3.604117680196e-04       9.472631828761e+01 
       3.773974513469e-04       9.908981534797e+01 
       3.951836452669e-04       1.036520473436e+02 
       4.138080766818e-04       1.084217466675e+02 
       4.333102505076e-04       1.134079858287e+02 
       4.537315334696e-04       1.186201844832e+02 
       4.751152418469e-04       1.240681166260e+02 
       4.975067333520e-04       1.297619169204e+02 
       5.209535033404e-04       1.357120854545e+02 
       5.455052855549e-04       1.419294926379e+02 
       5.712141576172e-04       1.484253819513e+02 
       5.981346514918e-04       1.552113729120e+02 
       6.263238691556e-04       1.622994608336e+02 
       6.558416037185e-04       1.697020171268e+02 
       6.867504662531e-04       1.774317864246e+02 
       7.191160186009e-04       1.855018834795e+02 
       7.530069124377e-04       1.939257879679e+02 
       7.884950348932e-04       2.027173347099e+02 
       8.256556610330e-04       2.118907091250e+02 
       8.645676135275e-04       2.214604326236e+02 
       9.053134298449e-04       2.314413499990e+02 
       9.479795373245e-04       2.418486160088e+02 
       9.926564365005e-04       2.526976763668e+02 
       1.039438893066e-03       2.640042482206e+02 
       1.088426138884e-03       2.757842997927e+02 
       1.139722082470e-03       2.880540200428e+02 
       1.193435529399e-03       3.008297935942e+02 
       1.249680413092e-03       3.141281632298e+02 
       1.308576036488e-03       3.279657949500e+02 
       1.370247325102e-03       3.423594133381e+02 
       1.434825092005e-03       3.573257744621e+02 
       1.502446315298e-03       3.728815722637e+02 
       1.573254428662e-03       3.890433717499e+02 
       1.647399625600e-03       4.058275195914e+02 
       1.725039178014e-03       4.232500248538e+02 
       1.806337769805e-03       4.413264658570e+02 
       1.891467846185e-03       4.600718185719e+02 
       1.980609979461e-03       4.795003451286e+02 
       2.073953252048e-03       4.996254251805e+02 
       2.171695657542e-03       5.204594055694e+02 
       2.274044520691e-03       5.420134687373e+02 
       2.381216937154e-03       5.642973987428e+02 
       2.493440233996e-03       5.873195439282e+02 
       2.610952451876e-03       6.110865099434e+02 
       2.734002849963e-03       6.356031161226e+02 
       2.862852434649e-03       6.608720977684e+02 
       2.997774513178e-03       6.868938945410e+02 
       3.139055273368e-03       7.136663146361e+02 
       3.286994390653e-03       7.411843563836e+02 
       3.441905663736e-03       7.694398588869e+02 
       3.604117680195e-03       7.984210546252e+02 
       3.773974513465e-03       8.281124964027e+02 
       3.951836452656e-03       8.584947434619e+02 
       4.138080766772e-03       8.895439990633e+02 
       4.333102504924e-03       9.212319867458e+02 
       4.537315334212e-03       9.535253361436e+02 
       4.751152416987e-03       9.863854439057e+02 
       4.975067329150e-03       1.019767803862e+03 
       5.209535020979e-03       1.053622052722e+03 
       5.455052821463e-03       1.087890583447e+03 
       5.712141485855e-03       1.122509905103e+03 
       5.981346283567e-03       1.157408791998e+03 
       6.263238118132e-03       1.192508356490e+03 
       6.558414660732e-03       1.227721931771e+03 
       6.867501459901e-03       1.262954215949e+03 
       7.191152956917e-03       1.298101019862e+03 
       7.530053280611e-03       1.333049109751e+03 
       7.884916605419e-03       1.367675312573e+03 
       8.256486717675e-03       1.401843888556e+03 
       8.645535230472e-03       1.435421034027e+03 
       9.052857600346e-03       1.468260424049e+03 
       9.479265718748e-03       1.500147517934e+03 
       9.925575382821e-03       1.530941224375e+03 
       1.039258643002e-02       1.560447878942e+03 
       1.088105284259e-02       1.588466279711e+03 
       1.139163987327e-02       1.614781804006e+03 
       1.192486551830e-02       1.639171753428e+03 
       1.248102491445e-02       1.661409098367e+03 
       1.306009899132e-02       1.681265993378e+03 
       1.366165338319e-02       1.698523128771e+03 
       1.428474006812e-02       1.712979425367e+03 
       1.492782119053e-02       1.724465703069e+03 
       1.558873920002e-02       1.732863211777e+03 
       1.626475584650e-02       1.738114744316e+03 
       1.695267161463e-02       1.740232089415e+03 
       1.764901767707e-02       1.739298538873e+03 
       1.835029088276e-02       1.735471120364e+03 
       1.905318850021e-02       1.728954920475e+03 
       1.975480048112e-02       1.720005855902e+03 
       2.045273209079e-02       1.708890105592e+03 
       2.114515086997e-02       1.695882784534e+03 
       2.183076964945e-02       1.681248809118e+03 
       2.250878646710e-02       1.665237095112e+03 
       2.317880288945e-02       1.648078182971e+03 
       2.384073771600e-02       1.629956922566e+03 
       2.449474691512e-02       1.611064275679e+03 
       2.514115521325e-02       1.591561078014e+03 
       2.578040092737e-02       1.571565125306e+03 
       2.641299337973e-02       1.551201205634e+03 
       2.703948116953e-02       1.530560716002e+03 
       2.766042926239e-02       1.509743472513e+03 
       2.827640294929e-02       1.488813593426e+03 
       2.888795699587e-02       1.467850197510e+03 
       2.949562862076e-02       1.446894567102e+03 
       3.009993324184e-02       1.426015209557e+03 
       3.070136218621e-02       1.405243377733e+03 
       3.130038176626e-02       1.384626160569e+03 
       3.189743328477e-02       1.364189613842e+03 
       3.249293365372e-02       1.343986677356e+03 
       3.308727640171e-02       1.324023264145e+03 
       3.368083291131e-02       1.304339403671e+03 
       3.427395377618e-02       1.284953328921e+03 
       3.486697020219e-02       1.265887178424e+03 
       3.546019540218e-02       1.247162686362e+03 
       3.605392595108e-02       1.228789723690e+03 
       3.664844308127e-02       1.210785709230e+03 
       3.724401390615e-02       1.193169303691e+03 
       3.784089256619e-02       1.175951404029e+03 
       3.843932129587e-02       1.159135372179e+03 
       3.903953141241e-02       1.142740236178e+03 
       3.964174422894e-02       1.126761875374e+03 
       4.024617189616e-02       1.111218969893e+03 
       4.085301817660e-02       1.096109043968e+03 
       4.146247915621e-02       1.081437342793e+03 
       4.207474389803e-02       1.067200910174e+03 
       4.268999504240e-02       1.053413349586e+03 
       4.330840935815e-02       1.040062910766e+03 
       4.393015824890e-02       1.027152982538e+03 
       4.455540821840e-02       1.014684011254e+03 
       4.518432129829e-02       1.002644723174e+03 
       4.581705544188e-02       9.910366738437e+02 
       4.645376488673e-02       9.798520383772e+02 
       4.709460048886e-02       9.690759238482e+02 
       4.773971003119e-02       9.587075678223e+02 
       4.838923850841e-02       9.487352238548e+02 
       4.904332839040e-02       9.391423892320e+02 
       4.970211986605e-02       9.299262752360e+02 
       5.036575106931e-02       9.210615871800e+02 
       5.103435828883e-02       9.125399335036e+02 
       5.170807616278e-02       9.043424157182e+02 
       5.238703786007e-02       8.964535780602e+02 
       5.307137524905e-02       8.888501842730e+02 
       5.376121905485e-02       8.815148079081e+02 
       5.445669900625e-02       8.744243254101e+02 
       5.515794397297e-02       8.675585293058e+02 
       5.586508209412e-02       8.608929074357e+02 
       5.657824089865e-02       8.544019692710e+02 
       5.729754741823e-02       8.480592289251e+02 
       5.802312829339e-02       8.418439401415e+02 
       5.875510987328e-02       8.357255258982e+02 
       5.949361830965e-02       8.296769858878e+02 
       6.023877964542e-02       8.236682701146e+02 
       6.099071989830e-02       8.176748663036e+02 
       6.174956513981e-02       8.116666237715e+02 
       6.251544157005e-02       8.056159374866e+02 
       6.328847558851e-02       7.994949462543e+02 
       6.406879386123e-02       7.932766817445e+02 
       6.485652338457e-02       7.869352193676e+02 
       6.565179154583e-02       7.804433814839e+02 
       6.645472618088e-02       7.737774702245e+02 
       6.726545562910e-02       7.669153459904e+02 
       6.808410878579e-02       7.598347852548e+02 
       6.891081515213e-02       7.525182711703e+02 
       6.974570488294e-02       7.449476585579e+02 
       7.058890883244e-02       7.371084650153e+02 
       7.144055859792e-02       7.289898742220e+02 
       7.230078656173e-02       7.205835362612e+02 
       7.316972593145e-02       7.118845762993e+02 
       7.404751077856e-02       7.028892249245e+02 
       7.493427607550e-02       6.935999999190e+02 
       7.583015773141e-02       6.840210899554e+02 
       7.673529262646e-02       6.741623232665e+02 
       7.764981864502e-02       6.640352969942e+02 
       7.857387470754e-02       6.536563174566e+02 
       7.950760080144e-02       6.430456815809e+02 
       8.045113801083e-02       6.322240045240e+02 
       8.140462854537e-02       6.212197893975e+02 
       8.236821576807e-02       6.100627333526e+02 
       8.334204422231e-02       5.987855666817e+02 
       8.432625965800e-02       5.874206137738e+02 
       8.532100905690e-02       5.760063212503e+02 
       8.632644065732e-02       5.645805492985e+02 
       8.734270397798e-02       5.531835516300e+02 
       8.836994984135e-02       5.418575757795e+02 
       8.940833039624e-02       5.306398056060e+02 
       9.045799913992e-02       5.195729663329e+02 
       9.151911093961e-02       5.086959316983e+02 
       9.259182205350e-02       4.980486825932e+02 
       9.367629015127e-02       4.876653696686e+02 
       9.477267433417e-02       4.775820030543e+02 
       9.588113515464e-02       4.678321431163e+02 
       9.700183463561e-02       4.584386276541e+02 
       9.813493628939e-02       4.494310424787e+02 
       9.928060513623e-02       4.408258406191e+02 
       1.004390077226e-01       4.326418796060e+02 
       1.016103121392e-01       4.248886288263e+02 
       1.027946880387e-01       4.175756040544e+02 
       1.039923066533e-01       4.107002076329e+02 
       1.052033408120e-01       4.042617454023e+02 
       1.064279649578e-01       3.982492450575e+02 
       1.076663551650e-01       3.926520374531e+02 
       1.089186891558e-01       3.874483539341e+02 
       1.101851463174e-01       3.826099992173e+02 
       1.114659077190e-01       3.781111608503e+02 
       1.127611561281e-01       3.739185437527e+02 
       1.140710760282e-01       3.699914372874e+02 
       1.153958536349e-01       3.662865452909e+02 
       1.167356769134e-01       3.627598408485e+02 
       1.180907355956e-01       3.593588912906e+02 
       1.194612211971e-01       3.560353859331e+02 
       1.208473270351e-01       3.527370904545e+02 
       1.222492482458e-01       3.494113397767e+02 
       1.236671818022e-01       3.460071333165e+02 
       1.251013265331e-01       3.424762596490e+02 
       1.265518831407e-01       3.387739722568e+02 
       1.280190542205e-01       3.348594586162e+02 
       1.295030442802e-01       3.306984404926e+02 
       1.310040597595e-01       3.262649269405e+02 
       1.325223090509e-01       3.215387632986e+02 
       1.340580025204e-01       3.165118463764e+02 
       1.356113525287e-01       3.111827283234e+02 
       1.371825734541e-01       3.055617431362e+02 
       1.387718817145e-01       2.996651198156e+02 
       1.403794957916e-01       2.935243095100e+02 
       1.420056362553e-01       2.871745214859e+02 
       1.436505257884e-01       2.806599168399e+02 
       1.453143892131e-01       2.740312863945e+02 
       1.469974535181e-01       2.673426950743e+02 
       1.486999478866e-01       2.606531450224e+02 
       1.504221037252e-01       2.540218287629e+02 
       1.521641546947e-01       2.475050515535e+02 
       1.539263367410e-01       2.411613636824e+02 
       1.557088881279e-01       2.350426904718e+02 
       1.575120494716e-01       2.291942919510e+02 
       1.593360637752e-01       2.236532936262e+02 
       1.611811764663e-01       2.184529263099e+02 
       1.630476354349e-01       2.136076341148e+02 
       1.649356910732e-01       2.091310123022e+02 
       1.668455963177e-01       2.050219675496e+02 
       1.687776066919e-01       2.012685756264e+02 
       1.707319803514e-01       1.978537836538e+02 
       1.727089781312e-01       1.947425019642e+02 
       1.747088635945e-01       1.918966312726e+02 
       1.767319030834e-01       1.892704261838e+02 
       1.787783657722e-01       1.868081660629e+02 
       1.808485237223e-01       1.844605715293e+02 
       1.829426519405e-01       1.821792033343e+02 
       1.850610284380e-01       1.798937625201e+02 
       1.872039342937e-01       1.775436097476e+02 
       1.893716537184e-01       1.750810317377e+02 
       1.915644741231e-01       1.724658242576e+02 
       1.937826861890e-01       1.696669550221e+02 
       1.960265839411e-01       1.666648657736e+02 
       1.982964648242e-01       1.634524198282e+02 
       2.005926297825e-01       1.600358896139e+02 
       2.029153833421e-01       1.564345807800e+02 
       2.052650336967e-01       1.526836057284e+02 
       2.076418927971e-01       1.488271741119e+02 
       2.100462764443e-01       1.449170285361e+02 
       2.124785043855e-01       1.410105000980e+02 
       2.149389004151e-01       1.371630895927e+02 
       2.174277924786e-01       1.334274320778e+02 
       2.199455127812e-01       1.298494530311e+02 
       2.224923979006e-01       1.264661392182e+02 
       2.250687889041e-01       1.232944501535e+02 
       2.276750314700e-01       1.203540512025e+02 
       2.303114760142e-01       1.176488846901e+02 
       2.329784778215e-01       1.151645952902e+02 
       2.356763971816e-01       1.128915103117e+02 
       2.384055995312e-01       1.108026497908e+02 
       2.411664556006e-01       1.088644042381e+02 
       2.439593415666e-01       1.070361792154e+02 
       2.467846392109e-01       1.052715393045e+02 
       2.496427360850e-01       1.035240455637e+02 
       2.525340256806e-01       1.017465855786e+02 
       2.554589076077e-01       9.990214176345e+01 
       2.584177877783e-01       9.796501944583e+01 
       2.614110785981e-01       9.592115907689e+01 
       2.644391991649e-01       9.377195462257e+01 
       2.675025754749e-01       9.153106989988e+01 
       2.706016406372e-01       8.922265628961e+01 
       2.737368350956e-01       8.687819231060e+01 
       2.769086068601e-01       8.453310742110e+01 
       2.801174117469e-01       8.222239703389e+01 
       2.833637136270e-01       7.997986490362e+01 
       2.866479846856e-01       7.783644096303e+01 
       2.899707056912e-01       7.581524276681e+01 
       2.933323662746e-01       7.392975091127e+01 
       2.967334652197e-01       7.218494858263e+01 
       3.001745107654e-01       7.056887836346e+01 
       3.036560209195e-01       6.906219385900e+01 
       3.071785237853e-01       6.763704064622e+01 
       3.107425579005e-01       6.626330537898e+01 
       3.143486725909e-01       6.491185187327e+01 
       3.179974283376e-01       6.355872053518e+01 
       3.216893971594e-01       6.218561538667e+01 
       3.254251630109e-01       6.078089663131e+01 
       3.292053221969e-01       5.933981265203e+01 
       3.330304838039e-01       5.786516464562e+01 
       3.369012701505e-01       5.636803436110e+01 
       3.408183172553e-01       5.486670849954e+01 
       3.447822753259e-01       5.338390961500e+01 
       3.487938092686e-01       5.194226175160e+01 
       3.528535992194e-01       5.055983438850e+01 
       3.569623410988e-01       4.924727840219e+01 
       3.611207471909e-01       4.800738652099e+01 
       3.653295467475e-01       4.683647259293e+01 
       3.695894866200e-01       4.572627057569e+01 
       3.739013319190e-01       4.466420583877e+01 
       3.782658667041e-01       4.363509430546e+01 
       3.826838947060e-01       4.262226827769e+01 
       3.871562400805e-01       4.161123080503e+01 
       3.916837481994e-01       4.059329394055e+01 
       3.962672864775e-01       3.956737453578e+01 
       4.009077452399e-01       3.853898682305e+01 
       4.056060386299e-01       3.751706688401e+01 
       4.103631055624e-01       3.651107519107e+01 
       4.151799107229e-01       3.552993524664e+01 
       4.200574456169e-01       3.458189600170e+01 
       4.249967296714e-01       3.367326468677e+01 
       4.299988113922e-01       3.280609162752e+01 
       4.350647695810e-01       3.197660231673e+01 
       4.401957146148e-01       3.117682016929e+01 
       4.453927897923e-01       3.039774009207e+01 
       4.506571727520e-01       2.963252058057e+01 
       4.559900769658e-01       2.887671033605e+01 
       4.613927533127e-01       2.812759544155e+01 
       4.668664917399e-01       2.738447090477e+01 
       4.724126230144e-01       2.665004724416e+01 
       4.780325205732e-01       2.593015060499e+01 
       4.837276024780e-01       2.523072066503e+01 
       4.894993334817e-01       2.455469661251e+01 
       4.953492272141e-01       2.390191931215e+01 
       5.012788484965e-01       2.327105493249e+01 
       5.072898157927e-01       2.266020037346e+01 
       5.133838038066e-01       2.206592513751e+01 
       5.195625462387e-01       2.148364270595e+01 
       5.258278387104e-01       2.091044914163e+01 
       5.321815418711e-01       2.034656836263e+01 
       5.386255847005e-01       1.979367398170e+01 
       5.451619680211e-01       1.925299202932e+01 
       5.517927682377e-01       1.872584313393e+01 
       5.585201413205e-01       1.821417409706e+01 
       5.653463270528e-01       1.771863960699e+01 
       5.722736535624e-01       1.723745260980e+01 
       5.793045421607e-01       1.676841192922e+01 
       5.864415125154e-01       1.631049194903e+01 
       5.936871881826e-01       1.586277142792e+01 
       6.010443025301e-01       1.542409518964e+01 
       6.085157050847e-01       1.499485715676e+01 
       6.161043683394e-01       1.457652547930e+01 
       6.238133950617e-01       1.416930182084e+01 
       6.316460261466e-01       1.377274926776e+01 
       6.396056490630e-01       1.338700548547e+01 
       6.476958069479e-01       1.301137271869e+01 
       6.559202084080e-01       1.264431641988e+01 
       6.642827380942e-01       1.228562731478e+01 
       6.727874681227e-01       1.193556488249e+01 
       6.814386704235e-01       1.159360938568e+01 
       6.902408301068e-01       1.126012167046e+01 
       6.991986599486e-01       1.093547614705e+01 
       7.083171161050e-01       1.061881628943e+01 
       7.176014151842e-01       1.030992702269e+01 
       7.270570528114e-01       1.000864113037e+01 
       7.366898238479e-01       9.714191230733e+00 
       7.465058444356e-01       9.426837089432e+00 
       7.565115760668e-01       9.146488008443e+00 
       7.667138519002e-01       8.872766000934e+00 
       7.771199055728e-01       8.605852609918e+00 
       7.877374027896e-01       8.345119065548e+00 
       7.985744760103e-01       8.090487739983e+00 
       8.096397625931e-01       7.841807701216e+00 
       8.209424468057e-01       7.598793777360e+00 
       8.324923061687e-01       7.361595137302e+00 
       8.442997626596e-01       7.129775291678e+00 
       8.563759393827e-01       6.903424647517e+00 
       8.687327233932e-01       6.682119833926e+00 
       8.813828354655e-01       6.465926445940e+00 
       8.943399077092e-01       6.254547926543e+00 
       9.076185700717e-01       6.048016222364e+00 
       9.212345469228e-01       5.846040329434e+00 
       9.352047650955e-01       5.648607460891e+00 
       9.495474749741e-01       5.455425635628e+00 
       9.642823864624e-01       5.266541145726e+00 
       9.794308219585e-01       5.081692540952e+00 
       9.950158887966e-01       4.900871493057e+00 
       1.011062674013e+00       4.723912948888e+00 
       1.027598464750e+00       4.550696722393e+00 
       1.044652998151e+00       4.381175111914e+00 
       1.062258745221e+00       4.215187688719e+00 
       1.080451233842e+00       4.052639469488e+00 
       1.099269416982e+00       3.893481785285e+00 
       1.118756093056e+00       3.737601307312e+00 
       1.138958386512e+00       3.584911270775e+00 
       1.159928297873e+00       3.435353538838e+00 
       1.181723333796e+00       3.288867220895e+00 
       1.204407229078e+00       3.145377401405e+00 
       1.228050773901e+00       3.004820983470e+00 
       1.252732760843e+00       2.867121992506e+00 
       1.278541067038e+00       2.732224115537e+00 
       1.305573887046e+00       2.600086865483e+00 
       1.333941130852e+00       2.470680320310e+00 
       1.363765998207e+00       2.343996405906e+00 
       1.395186733962e+00       2.220018379486e+00 
       1.428358557353e+00       2.098737569291e+00 
       1.463455738967e+00       1.980149678751e+00 
       1.500673769114e+00       1.864278797913e+00 
       1.540231516722e+00       1.751163951120e+00 
       1.582373214569e+00       1.640857295981e+00 
       1.627370021819e+00       1.533440813631e+00 
       1.675520809120e+00       1.429026406587e+00 
       1.727151694227e+00       1.327740646812e+00 
       1.782613751359e+00       1.229727623802e+00 
       1.842278272453e+00       1.135173221469e+00 
       1.906529046879e+00       1.044299930103e+00 
       1.975751439200e+00       9.573310673665e-01 
       2.050318654184e+00       8.745028489232e-01 
       2.130576467274e+00       7.960609911335e-01 
       2.216828677003e+00       7.222215429264e-01 
       2.309326211923e+00       6.531613673422e-01 
       2.408262725016e+00       5.890011753146e-01 
       2.513778364389e+00       5.297828577195e-01 
       2.625971450898e+00       4.754678182337e-01 
       2.744915765205e+00       4.259344503225e-01 
       2.870679913811e+00       3.809887162719e-01 
       3.003345254970e+00       3.403762432386e-01 
       3.143019916588e+00       3.038048475084e-01 
       3.289847902545e+00       2.709613481587e-01 
       3.444013548624e+00       2.415261729454e-01 
       3.605742341585e+00       2.151864135874e-01 
       3.775299353092e+00       1.916424911752e-01 
       3.952986429680e+00       1.706175053396e-01 
       4.139139007918e+00       1.518538381261e-01 
       4.334123125397e+00       1.351169579347e-01 
       4.538332943769e+00       1.201950037412e-01 
       4.752188913211e+00       1.068961509259e-01 
       4.976136586241e+00       9.504734669178e-02 
       5.210646019943e+00       8.449339797187e-02 
       5.456211674727e+00       7.509547573467e-02 
       5.713352711659e+00       6.673091042079e-02 
       5.982613598736e+00       5.928443270353e-02 
       6.264564951806e+00       5.265833046116e-02 
       6.559804553009e+00       4.676380007713e-02 
       6.868958505754e+00       4.152156418454e-02 
       7.192682498661e+00       3.685962694492e-02 
       7.531663161353e+00       3.271486770762e-02 
       7.886619502481e+00       2.903122132666e-02 
       8.258304425530e+00       2.575762708399e-02 
       8.647506321297e+00       2.284899922554e-02 
       9.055050738060e+00       2.026525899316e-02 
       9.481802131726e+00       1.797052742109e-02 
       9.928665699052e+00       1.593315192379e-02 
       1.039658929752e+01       1.412426896157e-02 
       1.088656545578e+01       1.251856343073e-02 
       1.139963347898e+01       1.109360750885e-02 
       1.193688165315e+01       9.829454736443e-03 
       1.249944955372e+01       8.708088168183e-03 
       1.308853046262e+01       7.713329231691e-03 
       1.370537389945e+01       6.831159107990e-03 
       1.435128827182e+01       6.049125452316e-03 
       1.502764365073e+01       5.355765322685e-03 
       1.573587467662e+01       4.742426929187e-03 
       1.647748360244e+01       4.196531901222e-03 
       1.725404348015e+01       3.714010312878e-03 
       1.806720149738e+01       3.286590531327e-03 
       1.891868247129e+01       2.909111530617e-03 
       1.981029250720e+01       2.572953274706e-03 
       2.074392282953e+01       2.275866891263e-03 
       2.172155379337e+01       2.013020519380e-03 
       2.274525908506e+01       1.780156972596e-03 
       2.381721012078e+01       1.573934982671e-03 
       2.493968065239e+01       1.391438703381e-03 
       2.611505159039e+01       1.230045111671e-03 
       2.734581605412e+01       1.087001576238e-03 
       2.863458466002e+01       9.605656630627e-04 
       2.998409105909e+01       8.488534954301e-04 
       3.139719773533e+01       7.499366050796e-04 
       3.287690207746e+01       6.624206371506e-04 
       3.442634273678e+01       5.849014415872e-04 
       3.604880628467e+01       5.170200943224e-04 
       3.774773418383e+01       4.559295404423e-04 
       3.952673008813e+01       4.024194034850e-04 
       4.138956748638e+01       3.557826132297e-04 
       4.334019770647e+01       3.138243866655e-04 
       4.538275829662e+01       2.772318725873e-04 
       4.752158180168e+01       2.444985395035e-04 
       4.976120495308e+01       2.159154771465e-04 
       5.210637829178e+01       1.902355750225e-04 
       5.456207624486e+01       1.680171765824e-04 
       5.713350767692e+01       1.479434210877e-04 
       5.982612693879e+01       1.306957669732e-04 
       6.264564543692e+01       1.150586569054e-04 
       6.559804374808e+01       1.015424526510e-04 
       6.868958430490e+01       8.957006552006e-05 
       7.192682467941e+01       7.885800763695e-05 
       7.531663149247e+01       6.959178544116e-05 
       7.886619497879e+01       6.150772195885e-05 
       8.258304423844e+01       5.387466014411e-05 
       8.647506320702e+01       4.737238648660e-05 
       9.055050737858e+01       4.204118979219e-05 
       9.481802131660e+01       3.683365524414e-05 
       9.928665699031e+01       3.255520167060e-05 
       1.039658929751e+02       2.850769802301e-05 
       1.088656545578e+02       2.514211741782e-05 
       1.139963347897e+02       2.211237012791e-05 
       1.193688165315e+02       1.951148890388e-05 
       1.249944955372e+02       1.700508557873e-05 
       1.308853046262e+02       1.501158650862e-05 
       1.370537389945e+02       1.322713535250e-05 
       1.435128827182e+02       1.166382056453e-05 
       1.502764365073e+02       1.017271882704e-05 
       1.573587467662e+02       8.911939666996e-06 
       1.647748360244e+02       7.876866724544e-06 
       1.725404348015e+02       6.902312208370e-06 
       1.806720149738e+02       6.060015642693e-06 
       1.891868247129e+02       5.321444586746e-06 
       1.981029250720e+02       4.652542231752e-06 
       2.074392282953e+02       4.050896458442e-06 
       2.172155379337e+02       3.564918014543e-06 
       2.274525908506e+02       3.084580851391e-06 
       2.381721012078e+02       2.711545979313e-06 
       2.493968065239e+02       2.400402282618e-06 
       2.611505159039e+02       2.084176317223e-06 
       2.734581605412e+02       1.818935491892e-06 
       2.863458466002e+02       1.564535481736e-06 
       2.998409105909e+02       1.372106474295e-06 
       3.139719773533e+02       1.190200598169e-06 
       3.287690207746e+02       1.033754351811e-06 
