# Matter power spectrum P(k) at redshift z=4
# for k=1.03944e-05 to 328.769 h/Mpc,
# number of wavenumbers equal to 605
#    1:k (h/Mpc)              2:P (Mpc/h)^3        
       1.039438893066e-05       1.870901827398e+00 
       1.088426138884e-05       1.957541247620e+00 
       1.139722082470e-05       2.048192785557e+00 
       1.193435529399e-05       2.143042248238e+00 
       1.249680413092e-05       2.242284037018e+00 
       1.308576036488e-05       2.346121539654e+00 
       1.370247325102e-05       2.454767569209e+00 
       1.434825092005e-05       2.568444784274e+00 
       1.502446315298e-05       2.687386176240e+00 
       1.573254428662e-05       2.811835487566e+00 
       1.647399625600e-05       2.942047765829e+00 
       1.725039178014e-05       3.078289885737e+00 
       1.806337769805e-05       3.220841003338e+00 
       1.891467846185e-05       3.369993324906e+00 
       1.980609979461e-05       3.526052468726e+00 
       2.073953252048e-05       3.689338243733e+00 
       2.171695657542e-05       3.860185237715e+00 
       2.274044520691e-05       4.038943614491e+00 
       2.381216937154e-05       4.225979621038e+00 
       2.493440233996e-05       4.421676531743e+00 
       2.610952451876e-05       4.626435355352e+00 
       2.734002849963e-05       4.840675633876e+00 
       2.862852434649e-05       5.064836320727e+00 
       2.997774513178e-05       5.299376726185e+00 
       3.139055273368e-05       5.544777369909e+00 
       3.286994390653e-05       5.801541015504e+00 
       3.441905663736e-05       6.070193698658e+00 
       3.604117680196e-05       6.351285722707e+00 
       3.773974513469e-05       6.645392970114e+00 
       3.951836452669e-05       6.953117826637e+00 
       4.138080766818e-05       7.275090594935e+00 
       4.333102505076e-05       7.611970721195e+00 
       4.537315334696e-05       7.964448117034e+00 
       4.751152418469e-05       8.333244589159e+00 
       4.975067333520e-05       8.719115276947e+00 
       5.209535033404e-05       9.122850256483e+00 
       5.455052855549e-05       9.545275991569e+00 
       5.712141576172e-05       9.987257283942e+00 
       5.981346514918e-05       1.044969865007e+01 
       6.263238691556e-05       1.093354653150e+01 
       6.558416037185e-05       1.143979093777e+01 
       6.867504662531e-05       1.196946755191e+01 
       7.191160186009e-05       1.252365983466e+01 
       7.530069124377e-05       1.310350108079e+01 
       7.884950348932e-05       1.371017689573e+01 
       8.256556610330e-05       1.434492735716e+01 
       8.645676135275e-05       1.500904968463e+01 
       9.053134298449e-05       1.570390067940e+01 
       9.479795373245e-05       1.643089953775e+01 
       9.926564365005e-05       1.719153056034e+01 
       1.039438893066e-04       1.798734612835e+01 
       1.088426138884e-04       1.881996984896e+01 
       1.139722082470e-04       1.969109956815e+01 
       1.193435529399e-04       2.060251083094e+01 
       1.249680413092e-04       2.155606027548e+01 
       1.308576036488e-04       2.255368925942e+01 
       1.370247325102e-04       2.359742754731e+01 
       1.434825092005e-04       2.468939721758e+01 
       1.502446315298e-04       2.583181665198e+01 
       1.573254428662e-04       2.702700494292e+01 
       1.647399625600e-04       2.827738576518e+01 
       1.725039178014e-04       2.958549233302e+01 
       1.806337769805e-04       3.095397176361e+01 
       1.891467846185e-04       3.238559003055e+01 
       1.980609979461e-04       3.388323684069e+01 
       2.073953252048e-04       3.544993068198e+01 
       2.171695657542e-04       3.708882435220e+01 
       2.274044520691e-04       3.880320979593e+01 
       2.381216937154e-04       4.059652441128e+01 
       2.493440233996e-04       4.247235594646e+01 
       2.610952451876e-04       4.443444881658e+01 
       2.734002849963e-04       4.648670972905e+01 
       2.862852434649e-04       4.863321369846e+01 
       2.997774513178e-04       5.087821006370e+01 
       3.139055273368e-04       5.322612856453e+01 
       3.286994390653e-04       5.568158548326e+01 
       3.441905663736e-04       5.824938951583e+01 
       3.604117680196e-04       6.093454805345e+01 
       3.773974513469e-04       6.374227273951e+01 
       3.951836452669e-04       6.667798542929e+01 
       4.138080766818e-04       6.974732378314e+01 
       4.333102505076e-04       7.295614660168e+01 
       4.537315334696e-04       7.631053840199e+01 
       4.751152418469e-04       7.981681431030e+01 
       4.975067333520e-04       8.348152421518e+01 
       5.209535033404e-04       8.731145598792e+01 
       5.455052855549e-04       9.131363851358e+01 
       5.712141576172e-04       9.549534366776e+01 
       5.981346514918e-04       9.986408813608e+01 
       6.263238691556e-04       1.044276328168e+02 
       6.558416037185e-04       1.091939829644e+02 
       6.867504662531e-04       1.141713858003e+02 
       7.191160186009e-04       1.193683279604e+02 
       7.530069124377e-04       1.247935310632e+02 
       7.884950348932e-04       1.304559446517e+02 
       8.256556610330e-04       1.363647419494e+02 
       8.645676135275e-04       1.425293088048e+02 
       9.053134298449e-04       1.489592338346e+02 
       9.479795373245e-04       1.556642980485e+02 
       9.926564365005e-04       1.626544604434e+02 
       1.039438893066e-03       1.699398433966e+02 
       1.088426138884e-03       1.775307176583e+02 
       1.139722082470e-03       1.854374812973e+02 
       1.193435529399e-03       1.936706424387e+02 
       1.249680413092e-03       2.022407951450e+02 
       1.308576036488e-03       2.111585977961e+02 
       1.370247325102e-03       2.204347338145e+02 
       1.434825092005e-03       2.300798983724e+02 
       1.502446315298e-03       2.401047437093e+02 
       1.573254428662e-03       2.505198434552e+02 
       1.647399625600e-03       2.613356431639e+02 
       1.725039178014e-03       2.725623922092e+02 
       1.806337769805e-03       2.842100912274e+02 
       1.891467846185e-03       2.962883868404e+02 
       1.980609979461e-03       3.088065009032e+02 
       2.073953252048e-03       3.217731172231e+02 
       2.171695657542e-03       3.351962746528e+02 
       2.274044520691e-03       3.490832652811e+02 
       2.381216937154e-03       3.634404659277e+02 
       2.493440233996e-03       3.782732944837e+02 
       2.610952451876e-03       3.935860028052e+02 
       2.734002849963e-03       4.093816397482e+02 
       2.862852434649e-03       4.256618853000e+02 
       2.997774513178e-03       4.424269300321e+02 
       3.139055273368e-03       4.596753040546e+02 
       3.286994390653e-03       4.774037748474e+02 
       3.441905663736e-03       4.956071357381e+02 
       3.604117680195e-03       5.142778949714e+02 
       3.773974513465e-03       5.334061864709e+02 
       3.951836452656e-03       5.529795062711e+02 
       4.138080766772e-03       5.729824902400e+02 
       4.333102504924e-03       5.933968403158e+02 
       4.537315334212e-03       6.142010052733e+02 
       4.751152416987e-03       6.353701280042e+02 
       4.975067329150e-03       6.568756023391e+02 
       5.209535020979e-03       6.786850403758e+02 
       5.455052821463e-03       7.007613234823e+02 
       5.712141485855e-03       7.230634968439e+02 
       5.981346283567e-03       7.455456499017e+02 
       6.263238118132e-03       7.681570259418e+02 
       6.558414660732e-03       7.908418353738e+02 
       6.867501459901e-03       8.135386269983e+02 
       7.191152956917e-03       8.361803031161e+02 
       7.530053280611e-03       8.586938728960e+02 
       7.884916605419e-03       8.809997526949e+02 
       8.256486717675e-03       9.030123575561e+02 
       8.645535230472e-03       9.246388333348e+02 
       9.052857600346e-03       9.457798332181e+02 
       9.479265718748e-03       9.663269629670e+02 
       9.925575382821e-03       9.861774222981e+02 
       1.039258643002e-02       1.005185384019e+03 
       1.088105284259e-02       1.023233895602e+03 
       1.139163987327e-02       1.040186260620e+03 
       1.192486551830e-02       1.055898281638e+03 
       1.248102491445e-02       1.070223759265e+03 
       1.306009899132e-02       1.083015403593e+03 
       1.366165338319e-02       1.094133067476e+03 
       1.428474006812e-02       1.103446457265e+03 
       1.492782119053e-02       1.110846024588e+03 
       1.558873920002e-02       1.116255850148e+03 
       1.626475584650e-02       1.119639025109e+03 
       1.695267161463e-02       1.121003267913e+03 
       1.764901767707e-02       1.120402108569e+03 
       1.835029088276e-02       1.117936884019e+03 
       1.905318850021e-02       1.113739581466e+03 
       1.975480048112e-02       1.107975051279e+03 
       2.045273209079e-02       1.100814790634e+03 
       2.114515086997e-02       1.092436093599e+03 
       2.183076964945e-02       1.083009384168e+03 
       2.250878646710e-02       1.072695262868e+03 
       2.317880288945e-02       1.061642104251e+03 
       2.384073771600e-02       1.049968945063e+03 
       2.449474691512e-02       1.037800291289e+03 
       2.514115521325e-02       1.025235703781e+03 
       2.578040092737e-02       1.012355100989e+03 
       2.641299337973e-02       9.992377639631e+02 
       2.703948116953e-02       9.859413348429e+02 
       2.766042926239e-02       9.725317134626e+02 
       2.827640294929e-02       9.590506837061e+02 
       2.888795699587e-02       9.455454367256e+02 
       2.949562862076e-02       9.320470283765e+02 
       3.009993324184e-02       9.185963898462e+02 
       3.070136218621e-02       9.052177998795e+02 
       3.130038176626e-02       8.919350021137e+02 
       3.189743328477e-02       8.787704344125e+02 
       3.249293365372e-02       8.657561653275e+02 
       3.308727640171e-02       8.528965263704e+02 
       3.368083291131e-02       8.402166179599e+02 
       3.427395377618e-02       8.277288719273e+02 
       3.486697020219e-02       8.154470997328e+02 
       3.546019540218e-02       8.033853632163e+02 
       3.605392595108e-02       7.915500413074e+02 
       3.664844308127e-02       7.799523697039e+02 
       3.724401390615e-02       7.686042236310e+02 
       3.784089256619e-02       7.575129602974e+02 
       3.843932129587e-02       7.466808147647e+02 
       3.903953141241e-02       7.361193542950e+02 
       3.964174422894e-02       7.258276408985e+02 
       4.024617189616e-02       7.158142951507e+02 
       4.085301817660e-02       7.060809575783e+02 
       4.146247915621e-02       6.966299008077e+02 
       4.207474389803e-02       6.874591987039e+02 
       4.268999504240e-02       6.785776407248e+02 
       4.330840935815e-02       6.699777210142e+02 
       4.393015824890e-02       6.616616735769e+02 
       4.455540821840e-02       6.536295623746e+02 
       4.518432129829e-02       6.458742142200e+02 
       4.581705544188e-02       6.383964728739e+02 
       4.645376488673e-02       6.311917970014e+02 
       4.709460048886e-02       6.242500274027e+02 
       4.773971003119e-02       6.175710365233e+02 
       4.838923850841e-02       6.111472552165e+02 
       4.904332839040e-02       6.049678514868e+02 
       4.970211986605e-02       5.990311394830e+02 
       5.036575106931e-02       5.933206799455e+02 
       5.103435828883e-02       5.878313132717e+02 
       5.170807616278e-02       5.825506488762e+02 
       5.238703786007e-02       5.774689884046e+02 
       5.307137524905e-02       5.725711096284e+02 
       5.376121905485e-02       5.678458758126e+02 
       5.445669900625e-02       5.632784322979e+02 
       5.515794397297e-02       5.588559129502e+02 
       5.586508209412e-02       5.545623550736e+02 
       5.657824089865e-02       5.503804751848e+02 
       5.729754741823e-02       5.462951092137e+02 
       5.802312829339e-02       5.422912638395e+02 
       5.875510987328e-02       5.383496999904e+02 
       5.949361830965e-02       5.344533541801e+02 
       6.023877964542e-02       5.305827661362e+02 
       6.099071989830e-02       5.267219453122e+02 
       6.174956513981e-02       5.228515822113e+02 
       6.251544157005e-02       5.189539574307e+02 
       6.328847558851e-02       5.150109812747e+02 
       6.406879386123e-02       5.110053684482e+02 
       6.485652338457e-02       5.069203480759e+02 
       6.565179154583e-02       5.027385379556e+02 
       6.645472618088e-02       4.984445234807e+02 
       6.726545562910e-02       4.940241447680e+02 
       6.808410878579e-02       4.894630943709e+02 
       6.891081515213e-02       4.847500080324e+02 
       6.974570488294e-02       4.798732428968e+02 
       7.058890883244e-02       4.748234728993e+02 
       7.144055859792e-02       4.695936903494e+02 
       7.230078656173e-02       4.641786092241e+02 
       7.316972593145e-02       4.585749954056e+02 
       7.404751077856e-02       4.527804541037e+02 
       7.493427607550e-02       4.467965902747e+02 
       7.583015773141e-02       4.406261789566e+02 
       7.673529262646e-02       4.342754442918e+02 
       7.764981864502e-02       4.277519245999e+02 
       7.857387470754e-02       4.210660693137e+02 
       7.950760080144e-02       4.142310286970e+02 
       8.045113801083e-02       4.072600067450e+02 
       8.140462854537e-02       4.001714768178e+02 
       8.236821576807e-02       3.929844051486e+02 
       8.334204422231e-02       3.857199891667e+02 
       8.432625965800e-02       3.783990220467e+02 
       8.532100905690e-02       3.710463967788e+02 
       8.632644065732e-02       3.636866906716e+02 
       8.734270397798e-02       3.563450701595e+02 
       8.836994984135e-02       3.490486741958e+02 
       8.940833039624e-02       3.418225558996e+02 
       9.045799913992e-02       3.346937530772e+02 
       9.151911093961e-02       3.276872558873e+02 
       9.259182205350e-02       3.208282896351e+02 
       9.367629015127e-02       3.141396657891e+02 
       9.477267433417e-02       3.076444468446e+02 
       9.588113515464e-02       3.013638626081e+02 
       9.700183463561e-02       2.953128402224e+02 
       9.813493628939e-02       2.895104581747e+02 
       9.928060513623e-02       2.839670780393e+02 
       1.004390077226e-01       2.786953691741e+02 
       1.016103121392e-01       2.737009809802e+02 
       1.027946880387e-01       2.689899570380e+02 
       1.039923066533e-01       2.645612115166e+02 
       1.052033408120e-01       2.604137707219e+02 
       1.064279649578e-01       2.565411855680e+02 
       1.076663551650e-01       2.529348863607e+02 
       1.089186891558e-01       2.495829632202e+02 
       1.101851463174e-01       2.464660491375e+02 
       1.114659077190e-01       2.435684436194e+02 
       1.127611561281e-01       2.408675503600e+02 
       1.140710760282e-01       2.383378810110e+02 
       1.153958536349e-01       2.359513621674e+02 
       1.167356769134e-01       2.336793760528e+02 
       1.180907355956e-01       2.314885842836e+02 
       1.194612211971e-01       2.293477855549e+02 
       1.208473270351e-01       2.272228977194e+02 
       1.222492482458e-01       2.250805187152e+02 
       1.236671818022e-01       2.228876240984e+02 
       1.251013265331e-01       2.206130848444e+02 
       1.265518831407e-01       2.182281994203e+02 
       1.280190542205e-01       2.157066291422e+02 
       1.295030442802e-01       2.130261903488e+02 
       1.310040597595e-01       2.101703623626e+02 
       1.325223090509e-01       2.071258983250e+02 
       1.340580025204e-01       2.038876315365e+02 
       1.356113525287e-01       2.004548006034e+02 
       1.371825734541e-01       1.968338561778e+02 
       1.387718817145e-01       1.930354879664e+02 
       1.403794957916e-01       1.890797282009e+02 
       1.420056362553e-01       1.849893576933e+02 
       1.436505257884e-01       1.807929061303e+02 
       1.453143892131e-01       1.765228593183e+02 
       1.469974535181e-01       1.722143398278e+02 
       1.486999478866e-01       1.679051404630e+02 
       1.504221037252e-01       1.636334861443e+02 
       1.521641546947e-01       1.594357521892e+02 
       1.539263367410e-01       1.553491243460e+02 
       1.557088881279e-01       1.514076046669e+02 
       1.575120494716e-01       1.476402700033e+02 
       1.593360637752e-01       1.440709237743e+02 
       1.611811764663e-01       1.407209823296e+02 
       1.630476354349e-01       1.375997887638e+02 
       1.649356910732e-01       1.347160472659e+02 
       1.668455963177e-01       1.320691805820e+02 
       1.687776066919e-01       1.296513712372e+02 
       1.707319803514e-01       1.274517438988e+02 
       1.727089781312e-01       1.254474127158e+02 
       1.747088635945e-01       1.236141582269e+02 
       1.767319030834e-01       1.219227317257e+02 
       1.787783657722e-01       1.203363327388e+02 
       1.808485237223e-01       1.188240726579e+02 
       1.829426519405e-01       1.173544886566e+02 
       1.850610284380e-01       1.158822689906e+02 
       1.872039342937e-01       1.143683705451e+02 
       1.893716537184e-01       1.127820300053e+02 
       1.915644741231e-01       1.110973931801e+02 
       1.937826861890e-01       1.092944420838e+02 
       1.960265839411e-01       1.073605818107e+02 
       1.982964648242e-01       1.052912193393e+02 
       2.005926297825e-01       1.030903918597e+02 
       2.029153833421e-01       1.007705404494e+02 
       2.052650336967e-01       9.835428088958e+01 
       2.076418927971e-01       9.587008178436e+01 
       2.100462764443e-01       9.335127995590e+01 
       2.124785043855e-01       9.083480802401e+01 
       2.149389004151e-01       8.835642079319e+01 
       2.174277924786e-01       8.595007558457e+01 
       2.199455127812e-01       8.364520545532e+01 
       2.224923979006e-01       8.146576115750e+01 
       2.250687889041e-01       7.942266383598e+01 
       2.276750314700e-01       7.752853124446e+01 
       2.303114760142e-01       7.578594108301e+01 
       2.329784778215e-01       7.418565180767e+01 
       2.356763971816e-01       7.272139656396e+01 
       2.384055995312e-01       7.137580192783e+01 
       2.411664556006e-01       7.012725437963e+01 
       2.439593415666e-01       6.894956125210e+01 
       2.467846392109e-01       6.781282675561e+01 
       2.496427360850e-01       6.668714434890e+01 
       2.525340256806e-01       6.554216261262e+01 
       2.554589076077e-01       6.435401337076e+01 
       2.584177877783e-01       6.310617743038e+01 
       2.614110785981e-01       6.178958189385e+01 
       2.644391991649e-01       6.040513134858e+01 
       2.675025754749e-01       5.896161628514e+01 
       2.706016406372e-01       5.747460689849e+01 
       2.737368350956e-01       5.596437301907e+01 
       2.769086068601e-01       5.445381038383e+01 
       2.801174117469e-01       5.296525243406e+01 
       2.833637136270e-01       5.152067851739e+01 
       2.866479846856e-01       5.013997495924e+01 
       2.899707056912e-01       4.883794686493e+01 
       2.933323662746e-01       4.762337440147e+01 
       2.967334652197e-01       4.649944147181e+01 
       3.001745107654e-01       4.545841965098e+01 
       3.036560209195e-01       4.448783533016e+01 
       3.071785237853e-01       4.356982492616e+01 
       3.107425579005e-01       4.268486773539e+01 
       3.143486725909e-01       4.181430555007e+01 
       3.179974283376e-01       4.094266055517e+01 
       3.216893971594e-01       4.005814265838e+01 
       3.254251630109e-01       3.915326509626e+01 
       3.292053221969e-01       3.822496009003e+01 
       3.330304838039e-01       3.727503214349e+01 
       3.369012701505e-01       3.631062855630e+01 
       3.408183172553e-01       3.534354789761e+01 
       3.447822753259e-01       3.438834632535e+01 
       3.487938092686e-01       3.345967735142e+01 
       3.528535992194e-01       3.256916111326e+01 
       3.569623410988e-01       3.172364157454e+01 
       3.611207471909e-01       3.092496877964e+01 
       3.653295467475e-01       3.017070746241e+01 
       3.695894866200e-01       2.945551614381e+01 
       3.739013319190e-01       2.877136928175e+01 
       3.782658667041e-01       2.810844607443e+01 
       3.826838947060e-01       2.745601170555e+01 
       3.871562400805e-01       2.680473125833e+01 
       3.916837481994e-01       2.614900724992e+01 
       3.962672864775e-01       2.548814008069e+01 
       4.009077452399e-01       2.482568317589e+01 
       4.056060386299e-01       2.416740957348e+01 
       4.103631055624e-01       2.351936215109e+01 
       4.151799107229e-01       2.288733918087e+01 
       4.200574456169e-01       2.227664037927e+01 
       4.249967296714e-01       2.169132917592e+01 
       4.299988113922e-01       2.113271666338e+01 
       4.350647695810e-01       2.059838788009e+01 
       4.401957146148e-01       2.008319049183e+01 
       4.453927897923e-01       1.958133141573e+01 
       4.506571727520e-01       1.908839862491e+01 
       4.559900769658e-01       1.860152782002e+01 
       4.613927533127e-01       1.811896999133e+01 
       4.668664917399e-01       1.764027104709e+01 
       4.724126230144e-01       1.716717697531e+01 
       4.780325205732e-01       1.670344156021e+01 
       4.837276024780e-01       1.625288815202e+01 
       4.894993334817e-01       1.581741341093e+01 
       4.953492272141e-01       1.539691348985e+01 
       5.012788484965e-01       1.499052917570e+01 
       5.072898157927e-01       1.459703572907e+01 
       5.133838038066e-01       1.421422103000e+01 
       5.195625462387e-01       1.383913108984e+01 
       5.258278387104e-01       1.346989673047e+01 
       5.321815418711e-01       1.310666124706e+01 
       5.386255847005e-01       1.275050360090e+01 
       5.451619680211e-01       1.240221213790e+01 
       5.517927682377e-01       1.206263836095e+01 
       5.585201413205e-01       1.173303620450e+01 
       5.653463270528e-01       1.141382745638e+01 
       5.722736535624e-01       1.110386094334e+01 
       5.793045421607e-01       1.080171866219e+01 
       5.864415125154e-01       1.050674007991e+01 
       5.936871881826e-01       1.021833167828e+01 
       6.010443025301e-01       9.935749327226e+00 
       6.085157050847e-01       9.659246786814e+00 
       6.161043683394e-01       9.389769802230e+00 
       6.238133950617e-01       9.127448343893e+00 
       6.316460261466e-01       8.872000841631e+00 
       6.396056490630e-01       8.623515976144e+00 
       6.476958069479e-01       8.381544390090e+00 
       6.559202084080e-01       8.145097510508e+00 
       6.642827380942e-01       7.914040527396e+00 
       6.727874681227e-01       7.688540590306e+00 
       6.814386704235e-01       7.468262902865e+00 
       6.902408301068e-01       7.253439913260e+00 
       6.991986599486e-01       7.044312805519e+00 
       7.083171161050e-01       6.840329830510e+00 
       7.176014151842e-01       6.641352441748e+00 
       7.270570528114e-01       6.447272922036e+00 
       7.366898238479e-01       6.257596946948e+00 
       7.465058444356e-01       6.072491850278e+00 
       7.565115760668e-01       5.891899249692e+00 
       7.667138519002e-01       5.715575572651e+00 
       7.771199055728e-01       5.543637806957e+00 
       7.877374027896e-01       5.375680916366e+00 
       7.985744760103e-01       5.211654895708e+00 
       8.096397625931e-01       5.051462518557e+00 
       8.209424468057e-01       4.894920086199e+00 
       8.324923061687e-01       4.742123689052e+00 
       8.442997626596e-01       4.592792153638e+00 
       8.563759393827e-01       4.446983717008e+00 
       8.687327233932e-01       4.304425656029e+00 
       8.813828354655e-01       4.165160225013e+00 
       8.943399077092e-01       4.028996390950e+00 
       9.076185700717e-01       3.895954732898e+00 
       9.212345469228e-01       3.765847794678e+00 
       9.352047650955e-01       3.638667339174e+00 
       9.495474749741e-01       3.514225280834e+00 
       9.642823864624e-01       3.392551439618e+00 
       9.794308219585e-01       3.273477397088e+00 
       9.950158887966e-01       3.156997788259e+00 
       1.011062674013e+00       3.043006290866e+00 
       1.027598464750e+00       2.931425484545e+00 
       1.044652998151e+00       2.822224641264e+00 
       1.062258745221e+00       2.715300417582e+00 
       1.080451233842e+00       2.610591628017e+00 
       1.099269416982e+00       2.508067098966e+00 
       1.118756093056e+00       2.407653465398e+00 
       1.138958386512e+00       2.309295022861e+00 
       1.159928297873e+00       2.212954310302e+00 
       1.181723333796e+00       2.118592118787e+00 
       1.204407229078e+00       2.026160183681e+00 
       1.228050773901e+00       1.935617859857e+00 
       1.252732760843e+00       1.846916206349e+00 
       1.278541067038e+00       1.760018948109e+00 
       1.305573887046e+00       1.674900004697e+00 
       1.333941130852e+00       1.591540101165e+00 
       1.363765998207e+00       1.509934036047e+00 
       1.395186733962e+00       1.430071028590e+00 
       1.428358557353e+00       1.351945482788e+00 
       1.463455738967e+00       1.275554638312e+00 
       1.500673769114e+00       1.200914011920e+00 
       1.540231516722e+00       1.128048741872e+00 
       1.582373214569e+00       1.056992426548e+00 
       1.627370021819e+00       9.877978757965e-01 
       1.675520809120e+00       9.205371731389e-01 
       1.727151694227e+00       8.552918541612e-01 
       1.782613751359e+00       7.921547177984e-01 
       1.842278272453e+00       7.312455738269e-01 
       1.906529046879e+00       6.727076619502e-01 
       1.975751439200e+00       6.166848682833e-01 
       2.050318654184e+00       5.633293560241e-01 
       2.130576467274e+00       5.127994084515e-01 
       2.216828677003e+00       4.652341980075e-01 
       2.309326211923e+00       4.207476545362e-01 
       2.408262725016e+00       3.794175366774e-01 
       2.513778364389e+00       3.412708292126e-01 
       2.625971450898e+00       3.062826700254e-01 
       2.744915765205e+00       2.743747340538e-01 
       2.870679913811e+00       2.454220048328e-01 
       3.003345254970e+00       2.192606348097e-01 
       3.143019916588e+00       1.957024083454e-01 
       3.289847902545e+00       1.745455092908e-01 
       3.444013548624e+00       1.555844464884e-01 
       3.605742341585e+00       1.386169717307e-01 
       3.775299353092e+00       1.234506398296e-01 
       3.952986429680e+00       1.099069600804e-01 
       4.139139007918e+00       9.781994718201e-02 
       4.334123125397e+00       8.703854385706e-02 
       4.538332943769e+00       7.742627067129e-02 
       4.752188913211e+00       6.885965334925e-02 
       4.976136586241e+00       6.122687669384e-02 
       5.210646019943e+00       5.442837075622e-02 
       5.456211674727e+00       4.837449508448e-02 
       5.713352711659e+00       4.298625245255e-02 
       5.982613598736e+00       3.818945291171e-02 
       6.264564951806e+00       3.392111502538e-02 
       6.559804553009e+00       3.012406036181e-02 
       6.868958505754e+00       2.674712835978e-02 
       7.192682498661e+00       2.374410188071e-02 
       7.531663161353e+00       2.107414884375e-02 
       7.886619502481e+00       1.870124794829e-02 
       8.258304425530e+00       1.659244573145e-02 
       8.647506321297e+00       1.471878851585e-02 
       9.055050738060e+00       1.305441499827e-02 
       9.481802131726e+00       1.157620882177e-02 
       9.928665699052e+00       1.026378787289e-02 
       1.039658929752e+01       9.098552794928e-03 
       1.088656545578e+01       8.064203603677e-03 
       1.139963347898e+01       7.146284523756e-03 
       1.193688165315e+01       6.331951866683e-03 
       1.249944955372e+01       5.609596076587e-03 
       1.308853046262e+01       4.968799152001e-03 
       1.370537389945e+01       4.400528405894e-03 
       1.435128827182e+01       3.896762986105e-03 
       1.502764365073e+01       3.450117567167e-03 
       1.573587467662e+01       3.055020506433e-03 
       1.647748360244e+01       2.703367923067e-03 
       1.725404348015e+01       2.392539448581e-03 
       1.806720149738e+01       2.117205820069e-03 
       1.891868247129e+01       1.874044511830e-03 
       1.981029250720e+01       1.657496757148e-03 
       2.074392282953e+01       1.466120323779e-03 
       2.172155379337e+01       1.296800324121e-03 
       2.274525908506e+01       1.146794027266e-03 
       2.381721012078e+01       1.013949874740e-03 
       2.493968065239e+01       8.963890695218e-04 
       2.611505159039e+01       7.924220426073e-04 
       2.734581605412e+01       7.002756299477e-04 
       2.863458466002e+01       6.188273579528e-04 
       2.998409105909e+01       5.468639045696e-04 
       3.139719773533e+01       4.831427740383e-04 
       3.287690207746e+01       4.267658309683e-04 
       3.442634273678e+01       3.768285161508e-04 
       3.604880628467e+01       3.330998361886e-04 
       3.774773418383e+01       2.937453151660e-04 
       3.952673008813e+01       2.592741122761e-04 
       4.138956748638e+01       2.292305902898e-04 
       4.334019770647e+01       2.022008044463e-04 
       4.538275829662e+01       1.786276044306e-04 
       4.752158180168e+01       1.575403206934e-04 
       4.976120495308e+01       1.391266283823e-04 
       5.210637829178e+01       1.225830177713e-04 
       5.456207624486e+01       1.082693431907e-04 
       5.713350767692e+01       9.533712092148e-05 
       5.982612693879e+01       8.422553387641e-05 
       6.264564543692e+01       7.415132140452e-05 
       6.559804374808e+01       6.544347300710e-05 
       6.868958430490e+01       5.773012358280e-05 
       7.192682467941e+01       5.082862248015e-05 
       7.531663149247e+01       4.485858883456e-05 
       7.886619497879e+01       3.965013926446e-05 
       8.258304423844e+01       3.473199461814e-05 
       8.647506320702e+01       3.054241482125e-05 
       9.055050737858e+01       2.710748272527e-05 
       9.481802131660e+01       2.375190735585e-05 
       9.928665699031e+01       2.099506680274e-05 
       1.039658929751e+02       1.838680810467e-05 
       1.088656545578e+02       1.621801896886e-05 
       1.139963347897e+02       1.426552950198e-05 
       1.193688165315e+02       1.258940179759e-05 
       1.249944955372e+02       1.097390468759e-05 
       1.308853046262e+02       9.689084098286e-06 
       1.370537389945e+02       8.538917395864e-06 
       1.435128827182e+02       7.531235464695e-06 
       1.502764365073e+02       6.569902125962e-06 
       1.573587467662e+02       5.757040739479e-06 
       1.647748360244e+02       5.089744643037e-06 
       1.725404348015e+02       4.461304007409e-06 
       1.806720149738e+02       3.918118026338e-06 
       1.891868247129e+02       3.441772892892e-06 
       1.981029250720e+02       3.010265617677e-06 
       2.074392282953e+02       2.622059083602e-06 
       2.172155379337e+02       2.308514138802e-06 
       2.274525908506e+02       1.998423398714e-06 
       2.381721012078e+02       1.757661559810e-06 
       2.493968065239e+02       1.556852601289e-06 
       2.611505159039e+02       1.352584067709e-06 
       2.734581605412e+02       1.181233695631e-06 
       2.863458466002e+02       1.016754782645e-06 
       2.998409105909e+02       8.923922832126e-07 
       3.139719773533e+02       7.747339090188e-07 
       3.287690207746e+02       6.735080932468e-07 
