#File parameters for this input file: Emax = 150, alpha_q = 1.74, Clumping factor = 3, Simple linear history or QSO history = <__main__.LinearHistory object at 0x7ebaad08c6e0>
#Units of heating rate (3rd column) are erg/s/cm^3 
1.740000 
150.000000 
4.000000e+00 -0.000000e+00 0.000000e+00 
3.985108e+00 1.205794e-02 1.554692e-33 
3.970272e+00 2.407099e-02 1.556218e-33 
3.955491e+00 3.603931e-02 3.042764e-33 
3.940766e+00 4.796308e-02 3.054184e-33 
3.926095e+00 5.984246e-02 3.063084e-33 
3.911478e+00 7.167761e-02 3.069561e-33 
3.896916e+00 8.346870e-02 3.073710e-33 
3.882408e+00 9.521589e-02 3.825442e-33 
3.867955e+00 1.069194e-01 3.832260e-33 
3.853555e+00 1.185792e-01 3.836502e-33 
3.839208e+00 1.301957e-01 3.838266e-33 
3.824915e+00 1.417690e-01 3.837646e-33 
3.810676e+00 1.532991e-01 3.834734e-33 
3.796489e+00 1.647863e-01 3.829619e-33 
3.782355e+00 1.762308e-01 4.215245e-33 
3.768274e+00 1.876326e-01 4.209123e-33 
3.754245e+00 1.989920e-01 4.200778e-33 
3.740268e+00 2.103092e-01 4.190296e-33 
3.726344e+00 2.215841e-01 4.177759e-33 
3.712471e+00 2.328171e-01 4.163247e-33 
3.698650e+00 2.440083e-01 4.146836e-33 
3.684880e+00 2.551578e-01 4.128600e-33 
3.671162e+00 2.662659e-01 4.108610e-33 
3.657494e+00 2.773325e-01 4.086935e-33 
3.643878e+00 2.883580e-01 4.249765e-33 
3.630312e+00 2.993424e-01 4.225365e-33 
3.616797e+00 3.102859e-01 4.199334e-33 
3.603332e+00 3.211887e-01 4.171735e-33 
3.589917e+00 3.320509e-01 4.142628e-33 
3.576552e+00 3.428726e-01 4.112075e-33 
3.563237e+00 3.536541e-01 4.096885e-33 
3.549972e+00 3.643954e-01 4.064031e-33 
3.536756e+00 3.750967e-01 4.029887e-33 
3.523589e+00 3.857582e-01 3.994503e-33 
3.510471e+00 3.963800e-01 3.957928e-33 
3.497402e+00 4.069623e-01 3.920431e-33 
3.484381e+00 4.175052e-01 3.881624e-33 
3.471409e+00 4.280088e-01 3.932230e-33 
3.458485e+00 4.384733e-01 3.891118e-33 
3.445610e+00 4.488988e-01 3.848958e-33 
3.432782e+00 4.592856e-01 3.805788e-33 
3.420002e+00 4.696337e-01 3.761645e-33 
3.407270e+00 4.799432e-01 3.716569e-33 
3.394585e+00 4.902144e-01 3.670587e-33 
3.381948e+00 5.004473e-01 3.623733e-33 
3.369357e+00 5.106421e-01 3.576038e-33 
3.356813e+00 5.207990e-01 3.527530e-33 
3.344316e+00 5.309180e-01 3.479215e-33 
3.331866e+00 5.409994e-01 3.429179e-33 
3.319462e+00 5.510433e-01 3.378405e-33 
3.307104e+00 5.610498e-01 3.326915e-33 
3.294792e+00 5.710190e-01 3.274728e-33 
3.282525e+00 5.809511e-01 3.221678e-33 
3.270305e+00 5.908462e-01 3.168146e-33 
3.258130e+00 6.007045e-01 3.159683e-33 
3.246000e+00 6.105261e-01 3.104498e-33 
3.233916e+00 6.203111e-01 3.048702e-33 
3.221876e+00 6.300597e-01 2.992210e-33 
3.209882e+00 6.397720e-01 2.935082e-33 
3.197932e+00 6.494481e-01 2.877326e-33 
3.186026e+00 6.590882e-01 2.818920e-33 
3.174165e+00 6.686924e-01 2.759931e-33 
3.162348e+00 6.782609e-01 2.700331e-33 
3.150575e+00 6.877938e-01 2.640119e-33 
3.138845e+00 6.972911e-01 2.579296e-33 
3.127160e+00 7.067531e-01 2.517860e-33 
3.115518e+00 7.161799e-01 2.455808e-33 
3.103919e+00 7.255716e-01 2.393133e-33 
3.092364e+00 7.349283e-01 2.329829e-33 
3.080851e+00 7.442502e-01 2.265886e-33 
3.069381e+00 7.535374e-01 2.201293e-33 
3.057954e+00 7.627900e-01 2.136235e-33 
3.046570e+00 7.720081e-01 2.070292e-33 
3.035228e+00 7.811920e-01 2.002686e-33 
3.023928e+00 7.903416e-01 1.935351e-33 
3.012670e+00 7.994572e-01 1.867277e-33 
3.001455e+00 8.085388e-01 1.811071e-33 
2.990280e+00 8.175867e-01 1.740992e-33 
2.979148e+00 8.266008e-01 1.670078e-33 
2.968057e+00 8.355814e-01 1.598297e-33 
2.957007e+00 8.445286e-01 1.525929e-33 
2.945999e+00 8.534424e-01 1.452316e-33 
2.935031e+00 8.623231e-01 1.377394e-33 
2.924104e+00 8.711707e-01 1.301758e-33 
2.913218e+00 8.799854e-01 1.225213e-33 
2.902372e+00 8.887672e-01 1.147207e-33 
2.891567e+00 8.975164e-01 1.068180e-33 
2.880802e+00 9.062330e-01 9.879055e-34 
2.870077e+00 9.149171e-01 9.063188e-34 
2.859392e+00 9.235689e-01 8.233494e-34 
2.848747e+00 9.321885e-01 7.395501e-34 
2.838142e+00 9.407760e-01 6.535210e-34 
2.827576e+00 9.493315e-01 5.658622e-34 
2.817049e+00 9.578552e-01 4.764809e-34 
2.806561e+00 9.663472e-01 3.852777e-34 
2.796113e+00 9.748075e-01 2.921452e-34 
2.785703e+00 9.832363e-01 1.969714e-34 
2.775332e+00 9.916338e-01 9.963325e-35 
2.765000e+00 1.000000e+00 0.000000e+00 
